 3900.00   0.7065
 3901.00   0.7216
 3902.00   0.7315
 3903.00   0.7385
 3904.00   0.7444
 3905.00   0.7603
 3906.00   0.7839
 3907.00   0.8276
 3908.00   0.8545
 3909.00   0.8883
 3910.00   0.8747
 3911.00   0.8814
 3912.00   0.8983
 3913.00   0.9050
 3914.00   0.9016
 3915.00   0.8949
 3916.00   0.8859
 3917.00   0.8764
 3918.00   0.8949
 3919.00   0.9242
 3920.00   0.9259
 3921.00   0.9344
 3922.00   0.9420
 3923.00   0.9645
 3924.00   0.9622
 3925.00   0.9386
 3926.00   0.9252
 3927.00   0.9117
 3928.00   0.8949
 3929.00   0.8537
 3930.00   0.8002
 3931.00   0.7326
 3932.00   0.6594
 3933.00   0.6527
 3934.00   0.6930
 3935.00   0.7738
 3936.00   0.8343
 3937.00   0.8816
 3938.00   0.9117
 3939.00   0.9252
 3940.00   0.9143
 3941.00   0.9042
 3942.00   0.8924
 3943.00   0.8850
 3944.00   0.8807
 3945.00   0.8846
 3946.00   0.8764
 3947.00   0.8596
 3948.00   0.8512
 3949.00   0.8444
 3950.00   0.8411
 3951.00   0.8348
 3952.00   0.8158
 3953.00   0.8032
 3954.00   0.7931
 3955.00   0.7822
 3956.00   0.7637
 3957.00   0.7284
 3958.00   0.7055
 3959.00   0.6880
 3960.00   0.6518
 3961.00   0.6056
 3962.00   0.5694
 3963.00   0.5400
 3964.00   0.5114
 3965.00   0.4664
 3966.00   0.4172
 3967.00   0.3768
 3968.00   0.3432
 3969.00   0.3297
 3970.00   0.3432
 3971.00   0.3667
 3972.00   0.4073
 3973.00   0.4559
 3974.00   0.4996
 3975.00   0.5349
 3976.00   0.5568
 3977.00   0.5862
 3978.00   0.6266
 3979.00   0.6581
 3980.00   0.6830
 3981.00   0.6956
 3982.00   0.7082
 3983.00   0.7242
 3984.00   0.7448
 3985.00   0.7676
 3986.00   0.7912
 3987.00   0.8109
 3988.00   0.8297
 3989.00   0.8449
 3990.00   0.8550
 3991.00   0.8638
 3992.00   0.8739
 3993.00   0.8802
 3994.00   0.8840
 3995.00   0.8878
 3996.00   0.9025
 3997.00   0.9106
 3998.00   0.9126
 3999.00   0.9092
 4000.00   0.9100
 4001.00   0.9159
 4002.00   0.9235
 4003.00   0.9151
 4004.00   0.9050
 4005.00   0.9218
 4006.00   0.9622
 4007.00   0.9839
 4008.00   0.9790
 4009.00   0.9521
 4010.00   0.9372
 4011.00   0.9393
 4012.00   0.9529
 4013.00   0.9592
 4014.00   0.9683
 4015.00   0.9811
 4016.00   0.9874
 4017.00   0.9874
 4018.00   0.9807
 4019.00   0.9857
 4020.00   0.9925
 4021.00   1.0000
 4022.00   0.9857
 4023.00   0.9731
 4024.00   0.9740
 4025.00   0.9723
 4026.00   0.9622
 4027.00   0.9538
 4028.00   0.9560
 4029.00   0.9521
 4030.00   0.9420
 4031.00   0.9286
 4032.00   0.9269
 4033.00   0.9412
 4034.00   0.9626
 4035.00   0.9782
 4036.00   0.9836
 4037.00   0.9910
 4038.00   0.9967
 4039.00   0.9975
 4040.00   0.9891
 4041.00   0.9656
 4042.00   0.9422
 4043.00   0.9445
 4044.00   0.9428
 4045.00   0.9471
 4046.00   0.9571
 4047.00   0.9555
 4048.00   0.9546
 4049.00   0.9716
 4050.00   0.9874
 4051.00   0.9857
 4052.00   0.9622
 4053.00   0.9538
 4054.00   0.9420
 4055.00   0.9218
 4056.00   0.9062
 4057.00   0.9252
 4058.00   0.9555
 4059.00   0.9656
 4060.00   0.9555
 4061.00   0.9374
 4062.00   0.9109
 4063.00   0.8802
 4064.00   0.9000
 4065.00   0.9235
 4066.00   0.9218
 4067.00   0.9067
 4068.00   0.8680
 4069.00   0.8613
 4070.00   0.8636
 4071.00   0.8646
 4072.00   0.8545
 4073.00   0.8478
 4074.00   0.8074
 4075.00   0.7805
 4076.00   0.7755
 4077.00   0.7869
 4078.00   0.7898
 4079.00   0.7885
 4080.00   0.7844
 4081.00   0.7803
 4082.00   0.7762
 4083.00   0.7738
 4084.00   0.7580
 4085.00   0.7435
 4086.00   0.7200
 4087.00   0.7065
 4088.00   0.7048
 4089.00   0.6863
 4090.00   0.6594
 4091.00   0.6259
 4092.00   0.6014
 4093.00   0.5888
 4094.00   0.5686
 4095.00   0.5484
 4096.00   0.4958
 4097.00   0.4475
 4098.00   0.3968
 4099.00   0.3533
 4100.00   0.3364
 4101.00   0.3331
 4102.00   0.3533
 4103.00   0.3566
 4104.00   0.3907
 4105.00   0.4281
 4106.00   0.4723
 4107.00   0.5046
 4108.00   0.5332
 4109.00   0.5669
 4110.00   0.5854
 4111.00   0.6073
 4112.00   0.6245
 4113.00   0.6729
 4114.00   0.6813
 4115.00   0.6914
 4116.00   0.6947
 4117.00   0.7149
 4118.00   0.7380
 4119.00   0.7576
 4120.00   0.7738
 4121.00   0.7805
 4122.00   0.7687
 4123.00   0.7772
 4124.00   0.7957
 4125.00   0.8041
 4126.00   0.7808
 4127.00   0.7788
 4128.00   0.7830
 4129.00   0.7994
 4130.00   0.8080
 4131.00   0.8154
 4132.00   0.8251
 4133.00   0.8390
 4134.00   0.8554
 4135.00   0.8646
 4136.00   0.8545
 4137.00   0.8478
 4138.00   0.8697
 4139.00   0.9000
 4140.00   0.9067
 4141.00   0.8943
 4142.00   0.8645
 4143.00   0.8545
 4144.00   0.8545
 4145.00   0.8697
 4146.00   0.8798
 4147.00   0.8977
 4148.00   0.8781
 4149.00   0.8865
 4150.00   0.8966
 4151.00   0.9016
 4152.00   0.8949
 4153.00   0.8899
 4154.00   0.8958
 4155.00   0.8747
 4156.00   0.8747
 4157.00   0.8730
 4158.00   0.8848
 4159.00   0.8726
 4160.00   0.8785
 4161.00   0.8859
 4162.00   0.9012
 4163.00   0.9025
 4164.00   0.8966
 4165.00   0.8966
 4166.00   0.9033
 4167.00   0.8949
 4168.00   0.8963
 4169.00   0.8698
 4170.00   0.8743
 4171.00   0.8604
 4172.00   0.8638
 4173.00   0.8680
 4174.00   0.8699
 4175.00   0.8594
 4176.00   0.8541
 4177.00   0.8461
 4178.00   0.8453
 4179.00   0.8562
 4180.00   0.8655
 4181.00   0.8646
 4182.00   0.8532
 4183.00   0.8444
 4184.00   0.8545
 4185.00   0.8613
 4186.00   0.8579
 4187.00   0.8209
 4188.00   0.8276
 4189.00   0.8613
 4190.00   0.8899
 4191.00   0.8915
 4192.00   0.8932
 4193.00   0.8915
 4194.00   0.8922
 4195.00   0.8808
 4196.00   0.8684
 4197.00   0.8478
 4198.00   0.8377
 4199.00   0.8394
 4200.00   0.8327
 4201.00   0.8377
 4202.00   0.8444
 4203.00   0.8580
 4204.00   0.8512
 4205.00   0.8680
 4206.00   0.8831
 4207.00   0.9016
 4208.00   0.9084
 4209.00   0.9067
 4210.00   0.8991
 4211.00   0.8907
 4212.00   0.8836
 4213.00   0.8789
 4214.00   0.8726
 4215.00   0.8629
 4216.00   0.8600
 4217.00   0.8452
 4218.00   0.8545
 4219.00   0.8503
 4220.00   0.8545
 4221.00   0.8512
 4222.00   0.8377
 4223.00   0.8310
 4224.00   0.8404
 4225.00   0.8360
 4226.00   0.8478
 4227.00   0.8367
 4228.00   0.8489
 4229.00   0.8545
 4230.00   0.8596
 4231.00   0.8556
 4232.00   0.8453
 4233.00   0.8436
 4234.00   0.8428
 4235.00   0.8478
 4236.00   0.8579
 4237.00   0.8604
 4238.00   0.8636
 4239.00   0.8634
 4240.00   0.8653
 4241.00   0.8655
 4242.00   0.8705
 4243.00   0.8747
 4244.00   0.8646
 4245.00   0.8490
 4246.00   0.8377
 4247.00   0.8222
 4248.00   0.8184
 4249.00   0.8121
 4250.00   0.8041
 4251.00   0.8125
 4252.00   0.8295
 4253.00   0.8377
 4254.00   0.8396
 4255.00   0.8354
 4256.00   0.8352
 4257.00   0.8386
 4258.00   0.8377
 4259.00   0.8352
 4260.00   0.8175
 4261.00   0.8108
 4262.00   0.8175
 4263.00   0.8322
 4264.00   0.8461
 4265.00   0.8562
 4266.00   0.8589
 4267.00   0.8545
 4268.00   0.8478
 4269.00   0.8346
 4270.00   0.8192
 4271.00   0.7929
 4272.00   0.7839
 4273.00   0.7936
 4274.00   0.7940
 4275.00   0.7990
 4276.00   0.8142
 4277.00   0.8343
 4278.00   0.8495
 4279.00   0.8461
 4280.00   0.8442
 4281.00   0.8293
 4282.00   0.8209
 4283.00   0.8158
 4284.00   0.8165
 4285.00   0.8192
 4286.00   0.8201
 4287.00   0.8087
 4288.00   0.8062
 4289.00   0.8043
 4290.00   0.7990
 4291.00   0.7990
 4292.00   0.8024
 4293.00   0.8032
 4294.00   0.7969
 4295.00   0.8015
 4296.00   0.7931
 4297.00   0.7738
 4298.00   0.7511
 4299.00   0.7510
 4300.00   0.7462
 4301.00   0.7500
 4302.00   0.7452
 4303.00   0.7502
 4304.00   0.7536
 4305.00   0.7536
 4306.00   0.7418
 4307.00   0.7418
 4308.00   0.7382
 4309.00   0.7494
 4310.00   0.7469
 4311.00   0.7502
 4312.00   0.7502
 4313.00   0.7200
 4314.00   0.7099
 4315.00   0.7098
 4316.00   0.7099
 4317.00   0.7073
 4318.00   0.7090
 4319.00   0.7082
 4320.00   0.6956
 4321.00   0.6872
 4322.00   0.6728
 4323.00   0.6661
 4324.00   0.6375
 4325.00   0.6258
 4326.00   0.6089
 4327.00   0.6022
 4328.00   0.5988
 4329.00   0.6061
 4330.00   0.5820
 4331.00   0.5633
 4332.00   0.5377
 4333.00   0.5143
 4334.00   0.4887
 4335.00   0.4559
 4336.00   0.4203
 4337.00   0.3709
 4338.00   0.3482
 4339.00   0.3230
 4340.00   0.3095
 4341.00   0.2961
 4342.00   0.3129
 4343.00   0.3503
 4344.00   0.3936
 4345.00   0.4163
 4346.00   0.4399
 4347.00   0.4660
 4348.00   0.4929
 4349.00   0.5080
 4350.00   0.5180
 4351.00   0.5265
 4352.00   0.5316
 4353.00   0.5618
 4354.00   0.5988
 4355.00   0.6426
 4356.00   0.6649
 4357.00   0.6430
 4358.00   0.6413
 4359.00   0.6485
 4360.00   0.6640
 4361.00   0.6771
 4362.00   0.6897
 4363.00   0.7027
 4364.00   0.7121
 4365.00   0.7317
 4366.00   0.7385
 4367.00   0.7431
 4368.00   0.7397
 4369.00   0.7456
 4370.00   0.7486
 4371.00   0.7486
 4372.00   0.7704
 4373.00   0.7629
 4374.00   0.7317
 4375.00   0.7284
 4376.00   0.7502
 4377.00   0.7772
 4378.00   0.7775
 4379.00   0.7999
 4380.00   0.7973
 4381.00   0.7805
 4382.00   0.7536
 4383.00   0.7401
 4384.00   0.7334
 4385.00   0.7562
 4386.00   0.7599
 4387.00   0.7692
 4388.00   0.7726
 4389.00   0.7708
 4390.00   0.7694
 4391.00   0.7738
 4392.00   0.7879
 4393.00   0.7906
 4394.00   0.7889
 4395.00   0.7839
 4396.00   0.7805
 4397.00   0.7872
 4398.00   0.7957
 4399.00   0.7940
 4400.00   0.7671
 4401.00   0.7570
 4402.00   0.7603
 4403.00   0.7658
 4404.00   0.7692
 4405.00   0.7704
 4406.00   0.7595
 4407.00   0.7536
 4408.00   0.7603
 4409.00   0.7940
 4410.00   0.7973
 4411.00   0.8050
 4412.00   0.7929
 4413.00   0.8049
 4414.00   0.7603
 4415.00   0.7536
 4416.00   0.7536
 4417.00   0.7637
 4418.00   0.7704
 4419.00   0.7755
 4420.00   0.8168
 4421.00   0.7923
 4422.00   0.8058
 4423.00   0.8074
 4424.00   0.8108
 4425.00   0.8007
 4426.00   0.8007
 4427.00   0.8011
 4428.00   0.8116
 4429.00   0.7999
 4430.00   0.7721
 4431.00   0.7536
 4432.00   0.7301
 4433.00   0.7401
 4434.00   0.7647
 4435.00   0.7940
 4436.00   0.8041
 4437.00   0.7940
 4438.00   0.7906
 4439.00   0.7822
 4440.00   0.7772
 4441.00   0.7789
 4442.00   0.7706
 4443.00   0.7786
 4444.00   0.7704
 4445.00   0.7805
 4446.00   0.7755
 4447.00   0.7856
 4448.00   0.7666
 4449.00   0.7864
 4450.00   0.7772
 4451.00   0.7738
 4452.00   0.7671
 4453.00   0.7570
 4454.00   0.7452
 4455.00   0.7666
 4456.00   0.7654
 4457.00   0.7805
 4458.00   0.7603
 4459.00   0.7637
 4460.00   0.7536
 4461.00   0.7587
 4462.00   0.7566
 4463.00   0.7704
 4464.00   0.7620
 4465.00   0.7452
 4466.00   0.7351
 4467.00   0.7305
 4468.00   0.7254
 4469.00   0.7188
 4470.00   0.7292
 4471.00   0.7435
 4472.00   0.7570
 4473.00   0.7570
 4474.00   0.7553
 4475.00   0.7547
 4476.00   0.7552
 4477.00   0.7541
 4478.00   0.7486
 4479.00   0.7368
 4480.00   0.7149
 4481.00   0.7065
 4482.00   0.7116
 4483.00   0.7448
 4484.00   0.7780
 4485.00   0.7738
 4486.00   0.7536
 4487.00   0.7301
 4488.00   0.7494
 4489.00   0.7477
 4490.00   0.7519
 4491.00   0.7521
 4492.00   0.7546
 4493.00   0.7580
 4494.00   0.7600
 4495.00   0.7696
 4496.00   0.7654
 4497.00   0.7666
 4498.00   0.7401
 4499.00   0.7469
 4500.00   0.7486
