 3900.00   0.9615
 3901.00   0.9700
 3902.00   0.9738
 3903.00   0.9732
 3904.00   0.9732
 3905.00   0.9724
 3906.00   0.9724
 3907.00   0.9700
 3908.00   0.9649
 3909.00   0.9756
 3910.00   0.9649
 3911.00   0.9649
 3912.00   0.9590
 3913.00   0.9623
 3914.00   0.9717
 3915.00   0.9954
 3916.00   1.0000
 3917.00   0.9928
 3918.00   0.9755
 3919.00   0.9623
 3920.00   0.9492
 3921.00   0.9412
 3922.00   0.9335
 3923.00   0.9279
 3924.00   0.9187
 3925.00   0.9131
 3926.00   0.9103
 3927.00   0.9109
 3928.00   0.9039
 3929.00   0.8896
 3930.00   0.8714
 3931.00   0.8608
 3932.00   0.8532
 3933.00   0.8481
 3934.00   0.8616
 3935.00   0.8802
 3936.00   0.8904
 3937.00   0.9047
 3938.00   0.9209
 3939.00   0.9251
 3940.00   0.9213
 3941.00   0.9213
 3942.00   0.9276
 3943.00   0.9310
 3944.00   0.9291
 3945.00   0.9209
 3946.00   0.9209
 3947.00   0.9243
 3948.00   0.9310
 3949.00   0.9293
 3950.00   0.9259
 3951.00   0.9321
 3952.00   0.9336
 3953.00   0.9243
 3954.00   0.9175
 3955.00   0.9133
 3956.00   0.9082
 3957.00   0.9035
 3958.00   0.8904
 3959.00   0.8802
 3960.00   0.8684
 3961.00   0.8515
 3962.00   0.8303
 3963.00   0.8024
 3964.00   0.7658
 3965.00   0.7278
 3966.00   0.6898
 3967.00   0.6602
 3968.00   0.6500
 3969.00   0.6365
 3970.00   0.6500
 3971.00   0.6708
 3972.00   0.7070
 3973.00   0.7423
 3974.00   0.7770
 3975.00   0.8125
 3976.00   0.8447
 3977.00   0.8633
 3978.00   0.8684
 3979.00   0.8612
 3980.00   0.8532
 3981.00   0.8532
 3982.00   0.8633
 3983.00   0.8718
 3984.00   0.8764
 3985.00   0.8709
 3986.00   0.8702
 3987.00   0.8650
 3988.00   0.8582
 3989.00   0.8599
 3990.00   0.8667
 3991.00   0.8769
 3992.00   0.8811
 3993.00   0.8773
 3994.00   0.8709
 3995.00   0.8468
 3996.00   0.8426
 3997.00   0.8536
 3998.00   0.8595
 3999.00   0.8667
 4000.00   0.8606
 4001.00   0.8549
 4002.00   0.8422
 4003.00   0.8337
 4004.00   0.8328
 4005.00   0.8375
 4006.00   0.8415
 4007.00   0.8463
 4008.00   0.8489
 4009.00   0.8472
 4010.00   0.8481
 4011.00   0.8498
 4012.00   0.8582
 4013.00   0.8612
 4014.00   0.8654
 4015.00   0.8743
 4016.00   0.8599
 4017.00   0.8345
 4018.00   0.8210
 4019.00   0.8138
 4020.00   0.8036
 4021.00   0.8023
 4022.00   0.7761
 4023.00   0.7575
 4024.00   0.7414
 4025.00   0.7381
 4026.00   0.7431
 4027.00   0.7538
 4028.00   0.7659
 4029.00   0.7774
 4030.00   0.7878
 4031.00   0.7971
 4032.00   0.8047
 4033.00   0.8125
 4034.00   0.8265
 4035.00   0.8291
 4036.00   0.8286
 4037.00   0.8240
 4038.00   0.8227
 4039.00   0.8269
 4040.00   0.8210
 4041.00   0.8172
 4042.00   0.8082
 4043.00   0.8108
 4044.00   0.8121
 4045.00   0.8170
 4046.00   0.8223
 4047.00   0.8308
 4048.00   0.8453
 4049.00   0.8565
 4050.00   0.8582
 4051.00   0.8523
 4052.00   0.8447
 4053.00   0.8388
 4054.00   0.8371
 4055.00   0.8362
 4056.00   0.8332
 4057.00   0.8281
 4058.00   0.8345
 4059.00   0.8405
 4060.00   0.8447
 4061.00   0.8438
 4062.00   0.8417
 4063.00   0.8416
 4064.00   0.8379
 4065.00   0.8299
 4066.00   0.8168
 4067.00   0.8032
 4068.00   0.7888
 4069.00   0.7757
 4070.00   0.7665
 4071.00   0.7634
 4072.00   0.7668
 4073.00   0.7724
 4074.00   0.7809
 4075.00   0.7903
 4076.00   0.7990
 4077.00   0.8023
 4078.00   0.8066
 4079.00   0.8015
 4080.00   0.7922
 4081.00   0.7821
 4082.00   0.7753
 4083.00   0.7706
 4084.00   0.7671
 4085.00   0.7664
 4086.00   0.7643
 4087.00   0.7593
 4088.00   0.7545
 4089.00   0.7494
 4090.00   0.7448
 4091.00   0.7379
 4092.00   0.7262
 4093.00   0.7177
 4094.00   0.7118
 4095.00   0.7025
 4096.00   0.6737
 4097.00   0.6365
 4098.00   0.6135
 4099.00   0.5755
 4100.00   0.5654
 4101.00   0.5671
 4102.00   0.5637
 4103.00   0.5552
 4104.00   0.5705
 4105.00   0.6170
 4106.00   0.6466
 4107.00   0.6653
 4108.00   0.6826
 4109.00   0.6932
 4110.00   0.7103
 4111.00   0.7169
 4112.00   0.7189
 4113.00   0.7173
 4114.00   0.7205
 4115.00   0.7237
 4116.00   0.7245
 4117.00   0.7110
 4118.00   0.7063
 4119.00   0.7201
 4120.00   0.7266
 4121.00   0.7372
 4122.00   0.7431
 4123.00   0.7550
 4124.00   0.7617
 4125.00   0.7685
 4126.00   0.7677
 4127.00   0.7685
 4128.00   0.7634
 4129.00   0.7558
 4130.00   0.7537
 4131.00   0.7501
 4132.00   0.7503
 4133.00   0.7481
 4134.00   0.7531
 4135.00   0.7554
 4136.00   0.7584
 4137.00   0.7567
 4138.00   0.7567
 4139.00   0.7482
 4140.00   0.7296
 4141.00   0.7187
 4142.00   0.7072
 4143.00   0.7000
 4144.00   0.6923
 4145.00   0.6805
 4146.00   0.6818
 4147.00   0.7076
 4148.00   0.7203
 4149.00   0.7270
 4150.00   0.7381
 4151.00   0.7414
 4152.00   0.7474
 4153.00   0.7423
 4154.00   0.7350
 4155.00   0.7353
 4156.00   0.7311
 4157.00   0.7296
 4158.00   0.7245
 4159.00   0.7194
 4160.00   0.7228
 4161.00   0.7296
 4162.00   0.7381
 4163.00   0.7381
 4164.00   0.7397
 4165.00   0.7330
 4166.00   0.7270
 4167.00   0.7186
 4168.00   0.7076
 4169.00   0.7144
 4170.00   0.7093
 4171.00   0.7065
 4172.00   0.7050
 4173.00   0.7076
 4174.00   0.7110
 4175.00   0.7189
 4176.00   0.7237
 4177.00   0.7249
 4178.00   0.7203
 4179.00   0.7177
 4180.00   0.7220
 4181.00   0.7203
 4182.00   0.7230
 4183.00   0.7115
 4184.00   0.7106
 4185.00   0.7033
 4186.00   0.7002
 4187.00   0.6930
 4188.00   0.6923
 4189.00   0.6933
 4190.00   0.6983
 4191.00   0.7000
 4192.00   0.7004
 4193.00   0.7025
 4194.00   0.6962
 4195.00   0.6940
 4196.00   0.6885
 4197.00   0.6923
 4198.00   0.6898
 4199.00   0.6830
 4200.00   0.6763
 4201.00   0.6729
 4202.00   0.6746
 4203.00   0.6766
 4204.00   0.6792
 4205.00   0.6839
 4206.00   0.6915
 4207.00   0.6940
 4208.00   0.6839
 4209.00   0.6873
 4210.00   0.6968
 4211.00   0.6940
 4212.00   0.6923
 4213.00   0.6805
 4214.00   0.6822
 4215.00   0.6826
 4216.00   0.6877
 4217.00   0.6885
 4218.00   0.6919
 4219.00   0.6947
 4220.00   0.7008
 4221.00   0.7008
 4222.00   0.7093
 4223.00   0.7101
 4224.00   0.7058
 4225.00   0.6957
 4226.00   0.6890
 4227.00   0.6923
 4228.00   0.6852
 4229.00   0.6750
 4230.00   0.6737
 4231.00   0.6837
 4232.00   0.6839
 4233.00   0.6839
 4234.00   0.6822
 4235.00   0.6771
 4236.00   0.6691
 4237.00   0.6703
 4238.00   0.6623
 4239.00   0.6720
 4240.00   0.6708
 4241.00   0.6716
 4242.00   0.6691
 4243.00   0.6674
 4244.00   0.6670
 4245.00   0.6647
 4246.00   0.6712
 4247.00   0.6739
 4248.00   0.6820
 4249.00   0.6879
 4250.00   0.6805
 4251.00   0.6754
 4252.00   0.6760
 4253.00   0.6759
 4254.00   0.6744
 4255.00   0.6737
 4256.00   0.6636
 4257.00   0.6608
 4258.00   0.6619
 4259.00   0.6605
 4260.00   0.6534
 4261.00   0.6475
 4262.00   0.6449
 4263.00   0.6449
 4264.00   0.6452
 4265.00   0.6481
 4266.00   0.6516
 4267.00   0.6610
 4268.00   0.6627
 4269.00   0.6555
 4270.00   0.6509
 4271.00   0.6437
 4272.00   0.6420
 4273.00   0.6480
 4274.00   0.6465
 4275.00   0.6480
 4276.00   0.6490
 4277.00   0.6498
 4278.00   0.6502
 4279.00   0.6513
 4280.00   0.6557
 4281.00   0.6593
 4282.00   0.6602
 4283.00   0.6530
 4284.00   0.6519
 4285.00   0.6494
 4286.00   0.6494
 4287.00   0.6486
 4288.00   0.6492
 4289.00   0.6496
 4290.00   0.6532
 4291.00   0.6515
 4292.00   0.6485
 4293.00   0.6483
 4294.00   0.6480
 4295.00   0.6492
 4296.00   0.6517
 4297.00   0.6576
 4298.00   0.6636
 4299.00   0.6653
 4300.00   0.6585
 4301.00   0.6426
 4302.00   0.6416
 4303.00   0.6351
 4304.00   0.6370
 4305.00   0.6368
 4306.00   0.6356
 4307.00   0.6344
 4308.00   0.6272
 4309.00   0.6276
 4310.00   0.6221
 4311.00   0.6221
 4312.00   0.6196
 4313.00   0.6212
 4314.00   0.6259
 4315.00   0.6295
 4316.00   0.6297
 4317.00   0.6255
 4318.00   0.6170
 4319.00   0.6136
 4320.00   0.6136
 4321.00   0.6119
 4322.00   0.6254
 4323.00   0.6212
 4324.00   0.6238
 4325.00   0.6136
 4326.00   0.6102
 4327.00   0.6068
 4328.00   0.6026
 4329.00   0.5962
 4330.00   0.5933
 4331.00   0.5840
 4332.00   0.5764
 4333.00   0.5637
 4334.00   0.5535
 4335.00   0.5349
 4336.00   0.5163
 4337.00   0.4841
 4338.00   0.4714
 4339.00   0.4604
 4340.00   0.4570
 4341.00   0.4621
 4342.00   0.4654
 4343.00   0.4857
 4344.00   0.5111
 4345.00   0.5214
 4346.00   0.5248
 4347.00   0.5281
 4348.00   0.5451
 4349.00   0.5620
 4350.00   0.5728
 4351.00   0.5840
 4352.00   0.5904
 4353.00   0.5918
 4354.00   0.5943
 4355.00   0.5973
 4356.00   0.5997
 4357.00   0.6015
 4358.00   0.5984
 4359.00   0.5975
 4360.00   0.5992
 4361.00   0.5967
 4362.00   0.5994
 4363.00   0.6009
 4364.00   0.6021
 4365.00   0.6111
 4366.00   0.6111
 4367.00   0.6018
 4368.00   0.5975
 4369.00   0.5959
 4370.00   0.5952
 4371.00   0.5968
 4372.00   0.5975
 4373.00   0.6014
 4374.00   0.6026
 4375.00   0.6064
 4376.00   0.6055
 4377.00   0.6066
 4378.00   0.6033
 4379.00   0.6069
 4380.00   0.6043
 4381.00   0.5992
 4382.00   0.5891
 4383.00   0.5908
 4384.00   0.5844
 4385.00   0.5744
 4386.00   0.5654
 4387.00   0.5586
 4388.00   0.5527
 4389.00   0.5510
 4390.00   0.5518
 4391.00   0.5614
 4392.00   0.5749
 4393.00   0.5760
 4394.00   0.5807
 4395.00   0.5817
 4396.00   0.5822
 4397.00   0.5861
 4398.00   0.5840
 4399.00   0.5859
 4400.00   0.5781
 4401.00   0.5785
 4402.00   0.5777
 4403.00   0.5765
 4404.00   0.5740
 4405.00   0.5739
 4406.00   0.5749
 4407.00   0.5760
 4408.00   0.5730
 4409.00   0.5655
 4410.00   0.5614
 4411.00   0.5577
 4412.00   0.5546
 4413.00   0.5489
 4414.00   0.5485
 4415.00   0.5478
 4416.00   0.5507
 4417.00   0.5533
 4418.00   0.5557
 4419.00   0.5565
 4420.00   0.5586
 4421.00   0.5595
 4422.00   0.5550
 4423.00   0.5427
 4424.00   0.5336
 4425.00   0.5315
 4426.00   0.5298
 4427.00   0.5343
 4428.00   0.5290
 4429.00   0.5315
 4430.00   0.5239
 4431.00   0.5231
 4432.00   0.5193
 4433.00   0.5210
 4434.00   0.5204
 4435.00   0.5226
 4436.00   0.5223
 4437.00   0.5212
 4438.00   0.5207
 4439.00   0.5188
 4440.00   0.5256
 4441.00   0.5351
 4442.00   0.5485
 4443.00   0.5552
 4444.00   0.5514
 4445.00   0.5502
 4446.00   0.5468
 4447.00   0.5434
 4448.00   0.5511
 4449.00   0.5499
 4450.00   0.5521
 4451.00   0.5527
 4452.00   0.5527
 4453.00   0.5552
 4454.00   0.5569
 4455.00   0.5532
 4456.00   0.5529
 4457.00   0.5531
 4458.00   0.5557
 4459.00   0.5563
 4460.00   0.5578
 4461.00   0.5531
 4462.00   0.5449
 4463.00   0.5434
 4464.00   0.5351
 4465.00   0.5332
 4466.00   0.5214
 4467.00   0.5121
 4468.00   0.4968
 4469.00   0.4861
 4470.00   0.4774
 4471.00   0.4774
 4472.00   0.4918
 4473.00   0.4994
 4474.00   0.5146
 4475.00   0.5205
 4476.00   0.5325
 4477.00   0.5383
 4478.00   0.5365
 4479.00   0.5328
 4480.00   0.5311
 4481.00   0.5265
 4482.00   0.5273
 4483.00   0.5279
 4484.00   0.5328
 4485.00   0.5368
 4486.00   0.5436
 4487.00   0.5493
 4488.00   0.5535
 4489.00   0.5552
 4490.00   0.5549
 4491.00   0.5552
 4492.00   0.5518
 4493.00   0.5451
 4494.00   0.5451
 4495.00   0.5426
 4496.00   0.5414
 4497.00   0.5521
 4498.00   0.5485
 4499.00   0.5485
 4500.00   0.5366
