 3900.00   0.8852
 3901.00   0.9062
 3902.00   0.9253
 3903.00   0.9438
 3904.00   0.9550
 3905.00   0.9493
 3906.00   0.9503
 3907.00   0.9608
 3908.00   0.9739
 3909.00   0.9744
 3910.00   0.9737
 3911.00   0.9716
 3912.00   0.9586
 3913.00   0.9493
 3914.00   0.9646
 3915.00   0.9972
 3916.00   1.0000
 3917.00   0.9928
 3918.00   0.9885
 3919.00   0.9852
 3920.00   0.9781
 3921.00   0.9761
 3922.00   0.9900
 3923.00   0.9973
 3924.00   0.9943
 3925.00   0.9828
 3926.00   0.9766
 3927.00   0.9771
 3928.00   0.9785
 3929.00   0.9742
 3930.00   0.9643
 3931.00   0.9474
 3932.00   0.9302
 3933.00   0.9311
 3934.00   0.9349
 3935.00   0.9446
 3936.00   0.9516
 3937.00   0.9596
 3938.00   0.9684
 3939.00   0.9876
 3940.00   0.9972
 3941.00   0.9885
 3942.00   0.9771
 3943.00   0.9723
 3944.00   0.9852
 3945.00   0.9857
 3946.00   0.9832
 3947.00   0.9749
 3948.00   0.9684
 3949.00   0.9550
 3950.00   0.9474
 3951.00   0.9488
 3952.00   0.9378
 3953.00   0.9225
 3954.00   0.9015
 3955.00   0.8881
 3956.00   0.8756
 3957.00   0.8651
 3958.00   0.8525
 3959.00   0.8306
 3960.00   0.7983
 3961.00   0.7699
 3962.00   0.7361
 3963.00   0.6967
 3964.00   0.6469
 3965.00   0.5954
 3966.00   0.5302
 3967.00   0.4555
 3968.00   0.4134
 3969.00   0.3828
 3970.00   0.4134
 3971.00   0.4431
 3972.00   0.4958
 3973.00   0.5512
 3974.00   0.6067
 3975.00   0.6479
 3976.00   0.6933
 3977.00   0.7330
 3978.00   0.7649
 3979.00   0.7906
 3980.00   0.8184
 3981.00   0.8560
 3982.00   0.8823
 3983.00   0.8976
 3984.00   0.9015
 3985.00   0.9139
 3986.00   0.9212
 3987.00   0.9268
 3988.00   0.9225
 3989.00   0.9187
 3990.00   0.9263
 3991.00   0.9283
 3992.00   0.9302
 3993.00   0.9279
 3994.00   0.9280
 3995.00   0.9377
 3996.00   0.9302
 3997.00   0.9187
 3998.00   0.9129
 3999.00   0.9302
 4000.00   0.9407
 4001.00   0.9493
 4002.00   0.9464
 4003.00   0.9407
 4004.00   0.9426
 4005.00   0.9458
 4006.00   0.9484
 4007.00   0.9529
 4008.00   0.9570
 4009.00   0.9627
 4010.00   0.9570
 4011.00   0.9455
 4012.00   0.9460
 4013.00   0.9472
 4014.00   0.9481
 4015.00   0.9455
 4016.00   0.9395
 4017.00   0.9335
 4018.00   0.9287
 4019.00   0.9206
 4020.00   0.9053
 4021.00   0.9084
 4022.00   0.9082
 4023.00   0.9163
 4024.00   0.9249
 4025.00   0.9324
 4026.00   0.9378
 4027.00   0.9378
 4028.00   0.9354
 4029.00   0.9302
 4030.00   0.9273
 4031.00   0.9273
 4032.00   0.9302
 4033.00   0.9251
 4034.00   0.9117
 4035.00   0.9125
 4036.00   0.9172
 4037.00   0.9321
 4038.00   0.9397
 4039.00   0.9416
 4040.00   0.9359
 4041.00   0.9283
 4042.00   0.9158
 4043.00   0.9235
 4044.00   0.9216
 4045.00   0.9168
 4046.00   0.9110
 4047.00   0.9034
 4048.00   0.9042
 4049.00   0.9138
 4050.00   0.9245
 4051.00   0.9283
 4052.00   0.9187
 4053.00   0.9091
 4054.00   0.8976
 4055.00   0.8890
 4056.00   0.8855
 4057.00   0.8842
 4058.00   0.8852
 4059.00   0.8823
 4060.00   0.8766
 4061.00   0.8747
 4062.00   0.8780
 4063.00   0.8808
 4064.00   0.8885
 4065.00   0.8909
 4066.00   0.8914
 4067.00   0.8948
 4068.00   0.8991
 4069.00   0.8967
 4070.00   0.8943
 4071.00   0.8890
 4072.00   0.8840
 4073.00   0.8766
 4074.00   0.8670
 4075.00   0.8584
 4076.00   0.8517
 4077.00   0.8384
 4078.00   0.8440
 4079.00   0.8574
 4080.00   0.8727
 4081.00   0.8689
 4082.00   0.8498
 4083.00   0.8326
 4084.00   0.8195
 4085.00   0.8072
 4086.00   0.8000
 4087.00   0.7962
 4088.00   0.7962
 4089.00   0.7847
 4090.00   0.7771
 4091.00   0.7529
 4092.00   0.7220
 4093.00   0.6793
 4094.00   0.6430
 4095.00   0.6049
 4096.00   0.5589
 4097.00   0.5120
 4098.00   0.4706
 4099.00   0.4097
 4100.00   0.3904
 4101.00   0.3981
 4102.00   0.3981
 4103.00   0.4191
 4104.00   0.4555
 4105.00   0.5172
 4106.00   0.5627
 4107.00   0.6081
 4108.00   0.6431
 4109.00   0.6809
 4110.00   0.7196
 4111.00   0.7433
 4112.00   0.7515
 4113.00   0.7730
 4114.00   0.7771
 4115.00   0.7713
 4116.00   0.7694
 4117.00   0.7790
 4118.00   0.7828
 4119.00   0.7906
 4120.00   0.7971
 4121.00   0.8029
 4122.00   0.8000
 4123.00   0.8029
 4124.00   0.7991
 4125.00   0.7916
 4126.00   0.7778
 4127.00   0.7613
 4128.00   0.7560
 4129.00   0.7617
 4130.00   0.7694
 4131.00   0.7816
 4132.00   0.7908
 4133.00   0.8074
 4134.00   0.8019
 4135.00   0.8082
 4136.00   0.8172
 4137.00   0.8249
 4138.00   0.8416
 4139.00   0.8429
 4140.00   0.8316
 4141.00   0.8272
 4142.00   0.8230
 4143.00   0.8172
 4144.00   0.8201
 4145.00   0.8316
 4146.00   0.8343
 4147.00   0.8215
 4148.00   0.8068
 4149.00   0.8153
 4150.00   0.8402
 4151.00   0.8546
 4152.00   0.8510
 4153.00   0.8376
 4154.00   0.8323
 4155.00   0.8239
 4156.00   0.8196
 4157.00   0.8216
 4158.00   0.8201
 4159.00   0.8259
 4160.00   0.8287
 4161.00   0.8269
 4162.00   0.8249
 4163.00   0.8239
 4164.00   0.8182
 4165.00   0.8168
 4166.00   0.8005
 4167.00   0.7981
 4168.00   0.8236
 4169.00   0.8440
 4170.00   0.8393
 4171.00   0.8053
 4172.00   0.7914
 4173.00   0.7732
 4174.00   0.7771
 4175.00   0.7960
 4176.00   0.7981
 4177.00   0.7956
 4178.00   0.7922
 4179.00   0.7853
 4180.00   0.7904
 4181.00   0.7873
 4182.00   0.7852
 4183.00   0.7806
 4184.00   0.7839
 4185.00   0.7919
 4186.00   0.7971
 4187.00   0.7991
 4188.00   0.7991
 4189.00   0.7879
 4190.00   0.7857
 4191.00   0.7857
 4192.00   0.7885
 4193.00   0.7952
 4194.00   0.8010
 4195.00   0.8060
 4196.00   0.7960
 4197.00   0.7897
 4198.00   0.7861
 4199.00   0.7828
 4200.00   0.7847
 4201.00   0.7751
 4202.00   0.7704
 4203.00   0.7758
 4204.00   0.7694
 4205.00   0.7684
 4206.00   0.7727
 4207.00   0.7713
 4208.00   0.7737
 4209.00   0.7761
 4210.00   0.7791
 4211.00   0.7812
 4212.00   0.7814
 4213.00   0.7833
 4214.00   0.7861
 4215.00   0.7885
 4216.00   0.7881
 4217.00   0.7892
 4218.00   0.7799
 4219.00   0.7809
 4220.00   0.7881
 4221.00   0.7896
 4222.00   0.7918
 4223.00   0.7900
 4224.00   0.7899
 4225.00   0.7845
 4226.00   0.7784
 4227.00   0.7718
 4228.00   0.7689
 4229.00   0.7646
 4230.00   0.7626
 4231.00   0.7630
 4232.00   0.7522
 4233.00   0.7503
 4234.00   0.7509
 4235.00   0.7576
 4236.00   0.7678
 4237.00   0.7693
 4238.00   0.7630
 4239.00   0.7608
 4240.00   0.7608
 4241.00   0.7622
 4242.00   0.7649
 4243.00   0.7739
 4244.00   0.7694
 4245.00   0.7522
 4246.00   0.7464
 4247.00   0.7426
 4248.00   0.7503
 4249.00   0.7598
 4250.00   0.7565
 4251.00   0.7498
 4252.00   0.7414
 4253.00   0.7340
 4254.00   0.7369
 4255.00   0.7469
 4256.00   0.7503
 4257.00   0.7579
 4258.00   0.7558
 4259.00   0.7495
 4260.00   0.7454
 4261.00   0.7440
 4262.00   0.7454
 4263.00   0.7459
 4264.00   0.7460
 4265.00   0.7464
 4266.00   0.7394
 4267.00   0.7433
 4268.00   0.7409
 4269.00   0.7403
 4270.00   0.7387
 4271.00   0.7378
 4272.00   0.7412
 4273.00   0.7320
 4274.00   0.7439
 4275.00   0.7407
 4276.00   0.7436
 4277.00   0.7440
 4278.00   0.7436
 4279.00   0.7426
 4280.00   0.7374
 4281.00   0.7349
 4282.00   0.7369
 4283.00   0.7420
 4284.00   0.7398
 4285.00   0.7349
 4286.00   0.7330
 4287.00   0.7333
 4288.00   0.7316
 4289.00   0.7302
 4290.00   0.7340
 4291.00   0.7263
 4292.00   0.7282
 4293.00   0.7292
 4294.00   0.7347
 4295.00   0.7349
 4296.00   0.7316
 4297.00   0.7273
 4298.00   0.7225
 4299.00   0.7194
 4300.00   0.7137
 4301.00   0.7104
 4302.00   0.7193
 4303.00   0.7256
 4304.00   0.7321
 4305.00   0.7359
 4306.00   0.7359
 4307.00   0.7321
 4308.00   0.7286
 4309.00   0.7196
 4310.00   0.7156
 4311.00   0.7139
 4312.00   0.7111
 4313.00   0.7077
 4314.00   0.7052
 4315.00   0.7037
 4316.00   0.7015
 4317.00   0.7000
 4318.00   0.6982
 4319.00   0.6970
 4320.00   0.6904
 4321.00   0.6893
 4322.00   0.6929
 4323.00   0.7000
 4324.00   0.6933
 4325.00   0.6802
 4326.00   0.6696
 4327.00   0.6680
 4328.00   0.6546
 4329.00   0.6392
 4330.00   0.6188
 4331.00   0.6031
 4332.00   0.5833
 4333.00   0.5660
 4334.00   0.5397
 4335.00   0.5005
 4336.00   0.4540
 4337.00   0.4038
 4338.00   0.3732
 4339.00   0.3598
 4340.00   0.3445
 4341.00   0.3407
 4342.00   0.3502
 4343.00   0.3840
 4344.00   0.4275
 4345.00   0.4579
 4346.00   0.4909
 4347.00   0.5187
 4348.00   0.5512
 4349.00   0.5703
 4350.00   0.5940
 4351.00   0.6000
 4352.00   0.6125
 4353.00   0.6259
 4354.00   0.6402
 4355.00   0.6450
 4356.00   0.6503
 4357.00   0.6659
 4358.00   0.6761
 4359.00   0.6852
 4360.00   0.6909
 4361.00   0.7015
 4362.00   0.7034
 4363.00   0.7019
 4364.00   0.7017
 4365.00   0.6981
 4366.00   0.7000
 4367.00   0.7000
 4368.00   0.7024
 4369.00   0.7067
 4370.00   0.7091
 4371.00   0.7057
 4372.00   0.6976
 4373.00   0.6952
 4374.00   0.6981
 4375.00   0.6962
 4376.00   0.6954
 4377.00   0.6938
 4378.00   0.6889
 4379.00   0.6885
 4380.00   0.6890
 4381.00   0.6909
 4382.00   0.6909
 4383.00   0.6852
 4384.00   0.6775
 4385.00   0.6774
 4386.00   0.6883
 4387.00   0.6899
 4388.00   0.6964
 4389.00   0.7024
 4390.00   0.7072
 4391.00   0.7043
 4392.00   0.7017
 4393.00   0.6909
 4394.00   0.6986
 4395.00   0.6967
 4396.00   0.7120
 4397.00   0.7139
 4398.00   0.7139
 4399.00   0.7084
 4400.00   0.7034
 4401.00   0.6967
 4402.00   0.6871
 4403.00   0.6852
 4404.00   0.6812
 4405.00   0.6853
 4406.00   0.6889
 4407.00   0.6989
 4408.00   0.6967
 4409.00   0.6833
 4410.00   0.6833
 4411.00   0.6828
 4412.00   0.6799
 4413.00   0.6862
 4414.00   0.6730
 4415.00   0.6750
 4416.00   0.6641
 4417.00   0.6641
 4418.00   0.6670
 4419.00   0.6670
 4420.00   0.6761
 4421.00   0.6546
 4422.00   0.6526
 4423.00   0.6550
 4424.00   0.6593
 4425.00   0.6644
 4426.00   0.6689
 4427.00   0.6741
 4428.00   0.6756
 4429.00   0.6756
 4430.00   0.6718
 4431.00   0.6651
 4432.00   0.6672
 4433.00   0.6692
 4434.00   0.6726
 4435.00   0.6704
 4436.00   0.6689
 4437.00   0.6680
 4438.00   0.6680
 4439.00   0.6794
 4440.00   0.6857
 4441.00   0.6706
 4442.00   0.6672
 4443.00   0.6617
 4444.00   0.6546
 4445.00   0.6498
 4446.00   0.6498
 4447.00   0.6526
 4448.00   0.6516
 4449.00   0.6531
 4450.00   0.6546
 4451.00   0.6622
 4452.00   0.6617
 4453.00   0.6670
 4454.00   0.6708
 4455.00   0.6615
 4456.00   0.6699
 4457.00   0.6651
 4458.00   0.6646
 4459.00   0.6627
 4460.00   0.6584
 4461.00   0.6555
 4462.00   0.6588
 4463.00   0.6641
 4464.00   0.6641
 4465.00   0.6627
 4466.00   0.6603
 4467.00   0.6565
 4468.00   0.6522
 4469.00   0.6563
 4470.00   0.6562
 4471.00   0.6581
 4472.00   0.6565
 4473.00   0.6526
 4474.00   0.6568
 4475.00   0.6552
 4476.00   0.6643
 4477.00   0.6507
 4478.00   0.6488
 4479.00   0.6431
 4480.00   0.6297
 4481.00   0.6201
 4482.00   0.6254
 4483.00   0.6321
 4484.00   0.6410
 4485.00   0.6497
 4486.00   0.6574
 4487.00   0.6488
 4488.00   0.6507
 4489.00   0.6488
 4490.00   0.6471
 4491.00   0.6354
 4492.00   0.6378
 4493.00   0.6503
 4494.00   0.6550
 4495.00   0.6565
 4496.00   0.6498
 4497.00   0.6459
 4498.00   0.6392
 4499.00   0.6390
 4500.00   0.6390
