 3900.00   0.7653
 3901.00   0.7721
 3902.00   0.7738
 3903.00   0.7704
 3904.00   0.7449
 3905.00   0.7211
 3906.00   0.7211
 3907.00   0.7721
 3908.00   0.8078
 3909.00   0.8326
 3910.00   0.8469
 3911.00   0.8554
 3912.00   0.8478
 3913.00   0.8367
 3914.00   0.8274
 3915.00   0.8210
 3916.00   0.8098
 3917.00   0.7955
 3918.00   0.7747
 3919.00   0.7738
 3920.00   0.7768
 3921.00   0.7755
 3922.00   0.7721
 3923.00   0.7585
 3924.00   0.7330
 3925.00   0.7168
 3926.00   0.6803
 3927.00   0.6293
 3928.00   0.5502
 3929.00   0.4711
 3930.00   0.4102
 3931.00   0.3537
 3932.00   0.3061
 3933.00   0.2993
 3934.00   0.3197
 3935.00   0.3690
 3936.00   0.4226
 3937.00   0.4883
 3938.00   0.5485
 3939.00   0.6088
 3940.00   0.6565
 3941.00   0.6837
 3942.00   0.7041
 3943.00   0.7185
 3944.00   0.7391
 3945.00   0.7500
 3946.00   0.7534
 3947.00   0.7597
 3948.00   0.7703
 3949.00   0.7826
 3950.00   0.7951
 3951.00   0.8000
 3952.00   0.8027
 3953.00   0.8010
 3954.00   0.8027
 3955.00   0.7687
 3956.00   0.7619
 3957.00   0.7585
 3958.00   0.7655
 3959.00   0.7551
 3960.00   0.7415
 3961.00   0.6939
 3962.00   0.6259
 3963.00   0.5636
 3964.00   0.5134
 3965.00   0.4636
 3966.00   0.4031
 3967.00   0.3673
 3968.00   0.3265
 3969.00   0.3265
 3970.00   0.3673
 3971.00   0.4286
 3972.00   0.4855
 3973.00   0.5425
 3974.00   0.6003
 3975.00   0.6429
 3976.00   0.6832
 3977.00   0.7202
 3978.00   0.7551
 3979.00   0.7799
 3980.00   0.7959
 3981.00   0.7942
 3982.00   0.7806
 3983.00   0.7721
 3984.00   0.7721
 3985.00   0.7925
 3986.00   0.8057
 3987.00   0.8163
 3988.00   0.8257
 3989.00   0.8469
 3990.00   0.8707
 3991.00   0.8810
 3992.00   0.8895
 3993.00   0.8874
 3994.00   0.8812
 3995.00   0.8754
 3996.00   0.8703
 3997.00   0.8639
 3998.00   0.8673
 3999.00   0.8797
 4000.00   0.8922
 4001.00   0.9082
 4002.00   0.9048
 4003.00   0.8912
 4004.00   0.8639
 4005.00   0.8537
 4006.00   0.8724
 4007.00   0.8771
 4008.00   0.9048
 4009.00   0.9184
 4010.00   0.9286
 4011.00   0.9337
 4012.00   0.9362
 4013.00   0.9294
 4014.00   0.9204
 4015.00   0.9133
 4016.00   0.9174
 4017.00   0.9260
 4018.00   0.9347
 4019.00   0.9358
 4020.00   0.9324
 4021.00   0.9329
 4022.00   0.9320
 4023.00   0.9235
 4024.00   0.9252
 4025.00   0.9379
 4026.00   0.9286
 4027.00   0.9184
 4028.00   0.9368
 4029.00   0.9065
 4030.00   0.8588
 4031.00   0.8537
 4032.00   0.8639
 4033.00   0.8926
 4034.00   0.9118
 4035.00   0.9294
 4036.00   0.9439
 4037.00   0.9490
 4038.00   0.9541
 4039.00   0.9481
 4040.00   0.9413
 4041.00   0.9294
 4042.00   0.9300
 4043.00   0.9048
 4044.00   0.8878
 4045.00   0.8639
 4046.00   0.8639
 4047.00   0.8912
 4048.00   0.9243
 4049.00   0.9504
 4050.00   0.9592
 4051.00   0.9592
 4052.00   0.9439
 4053.00   0.9226
 4054.00   0.9065
 4055.00   0.8878
 4056.00   0.8806
 4057.00   0.8844
 4058.00   0.9031
 4059.00   0.9065
 4060.00   0.9184
 4061.00   0.9082
 4062.00   0.8946
 4063.00   0.8720
 4064.00   0.8810
 4065.00   0.8831
 4066.00   0.8950
 4067.00   0.9056
 4068.00   0.9303
 4069.00   0.9226
 4070.00   0.9058
 4071.00   0.8886
 4072.00   0.8759
 4073.00   0.8554
 4074.00   0.8622
 4075.00   0.8401
 4076.00   0.8333
 4077.00   0.8257
 4078.00   0.8333
 4079.00   0.8537
 4080.00   0.8673
 4081.00   0.8878
 4082.00   0.8741
 4083.00   0.8759
 4084.00   0.8694
 4085.00   0.8733
 4086.00   0.8852
 4087.00   0.8903
 4088.00   0.9018
 4089.00   0.8895
 4090.00   0.8839
 4091.00   0.8718
 4092.00   0.8576
 4093.00   0.8503
 4094.00   0.8231
 4095.00   0.7934
 4096.00   0.7500
 4097.00   0.7032
 4098.00   0.6755
 4099.00   0.6054
 4100.00   0.5952
 4101.00   0.5782
 4102.00   0.5986
 4103.00   0.5952
 4104.00   0.6293
 4105.00   0.6870
 4106.00   0.7211
 4107.00   0.7517
 4108.00   0.7585
 4109.00   0.7806
 4110.00   0.7993
 4111.00   0.8248
 4112.00   0.8670
 4113.00   0.8878
 4114.00   0.9082
 4115.00   0.9150
 4116.00   0.9099
 4117.00   0.9056
 4118.00   0.8992
 4119.00   0.8896
 4120.00   0.9014
 4121.00   0.9007
 4122.00   0.8939
 4123.00   0.8907
 4124.00   0.8869
 4125.00   0.8861
 4126.00   0.8706
 4127.00   0.8741
 4128.00   0.8776
 4129.00   0.8895
 4130.00   0.8895
 4131.00   0.8776
 4132.00   0.8878
 4133.00   0.8683
 4134.00   0.9150
 4135.00   0.9154
 4136.00   0.9337
 4137.00   0.9473
 4138.00   0.9609
 4139.00   0.9609
 4140.00   0.9622
 4141.00   0.9447
 4142.00   0.9405
 4143.00   0.9252
 4144.00   0.9235
 4145.00   0.9269
 4146.00   0.9320
 4147.00   0.9347
 4148.00   0.9303
 4149.00   0.9303
 4150.00   0.9311
 4151.00   0.9277
 4152.00   0.9243
 4153.00   0.9158
 4154.00   0.8955
 4155.00   0.8776
 4156.00   0.8776
 4157.00   0.8971
 4158.00   0.9099
 4159.00   0.9168
 4160.00   0.9226
 4161.00   0.9300
 4162.00   0.9349
 4163.00   0.9439
 4164.00   0.9626
 4165.00   0.9677
 4166.00   0.9668
 4167.00   0.9443
 4168.00   0.9386
 4169.00   0.9226
 4170.00   0.9116
 4171.00   0.8895
 4172.00   0.8776
 4173.00   0.8622
 4174.00   0.8639
 4175.00   0.8679
 4176.00   0.8733
 4177.00   0.8844
 4178.00   0.8980
 4179.00   0.9167
 4180.00   0.9286
 4181.00   0.9337
 4182.00   0.9201
 4183.00   0.9226
 4184.00   0.9188
 4185.00   0.9133
 4186.00   0.9082
 4187.00   0.9022
 4188.00   0.9014
 4189.00   0.9068
 4190.00   0.9294
 4191.00   0.9252
 4192.00   0.9422
 4193.00   0.9388
 4194.00   0.9375
 4195.00   0.9086
 4196.00   0.8857
 4197.00   0.8588
 4198.00   0.8537
 4199.00   0.8622
 4200.00   0.8699
 4201.00   0.8699
 4202.00   0.8810
 4203.00   0.9157
 4204.00   0.9286
 4205.00   0.9456
 4206.00   0.9456
 4207.00   0.9549
 4208.00   0.9607
 4209.00   0.9667
 4210.00   0.9718
 4211.00   0.9745
 4212.00   0.9719
 4213.00   0.9728
 4214.00   0.9609
 4215.00   0.9456
 4216.00   0.9354
 4217.00   0.9159
 4218.00   0.9099
 4219.00   0.9086
 4220.00   0.9167
 4221.00   0.9180
 4222.00   0.9167
 4223.00   0.8963
 4224.00   0.8794
 4225.00   0.8231
 4226.00   0.8163
 4227.00   0.8469
 4228.00   0.8673
 4229.00   0.9014
 4230.00   0.9252
 4231.00   0.9344
 4232.00   0.9162
 4233.00   0.9107
 4234.00   0.9048
 4235.00   0.8963
 4236.00   0.8963
 4237.00   0.8954
 4238.00   0.8887
 4239.00   0.8946
 4240.00   0.8963
 4241.00   0.9099
 4242.00   0.9167
 4243.00   0.9209
 4244.00   0.9175
 4245.00   0.9116
 4246.00   0.9093
 4247.00   0.9072
 4248.00   0.8997
 4249.00   0.8929
 4250.00   0.8793
 4251.00   0.8895
 4252.00   0.9164
 4253.00   0.9303
 4254.00   0.9311
 4255.00   0.9243
 4256.00   0.9209
 4257.00   0.9135
 4258.00   0.9050
 4259.00   0.8931
 4260.00   0.8861
 4261.00   0.8895
 4262.00   0.8971
 4263.00   0.9103
 4264.00   0.9230
 4265.00   0.9269
 4266.00   0.9324
 4267.00   0.9221
 4268.00   0.9154
 4269.00   0.9099
 4270.00   0.8912
 4271.00   0.8793
 4272.00   0.8741
 4273.00   0.8651
 4274.00   0.8724
 4275.00   0.8856
 4276.00   0.9024
 4277.00   0.9171
 4278.00   0.9320
 4279.00   0.9307
 4280.00   0.9264
 4281.00   0.9184
 4282.00   0.9124
 4283.00   0.9048
 4284.00   0.8988
 4285.00   0.8898
 4286.00   0.8753
 4287.00   0.8676
 4288.00   0.8231
 4289.00   0.8299
 4290.00   0.8367
 4291.00   0.8537
 4292.00   0.8707
 4293.00   0.8810
 4294.00   0.8860
 4295.00   0.8776
 4296.00   0.8622
 4297.00   0.8410
 4298.00   0.8138
 4299.00   0.7772
 4300.00   0.7653
 4301.00   0.7715
 4302.00   0.7798
 4303.00   0.7795
 4304.00   0.7814
 4305.00   0.7823
 4306.00   0.7815
 4307.00   0.7849
 4308.00   0.7810
 4309.00   0.7925
 4310.00   0.8129
 4311.00   0.8435
 4312.00   0.8503
 4313.00   0.8537
 4314.00   0.8622
 4315.00   0.8663
 4316.00   0.8895
 4317.00   0.8912
 4318.00   0.8905
 4319.00   0.8831
 4320.00   0.8810
 4321.00   0.8648
 4322.00   0.8586
 4323.00   0.8335
 4324.00   0.8168
 4325.00   0.8061
 4326.00   0.8061
 4327.00   0.8168
 4328.00   0.8503
 4329.00   0.8616
 4330.00   0.8707
 4331.00   0.8520
 4332.00   0.8299
 4333.00   0.8112
 4334.00   0.7874
 4335.00   0.7449
 4336.00   0.7165
 4337.00   0.6505
 4338.00   0.6173
 4339.00   0.5850
 4340.00   0.5714
 4341.00   0.5442
 4342.00   0.5740
 4343.00   0.6421
 4344.00   0.6939
 4345.00   0.7347
 4346.00   0.7653
 4347.00   0.7993
 4348.00   0.8299
 4349.00   0.8299
 4350.00   0.8079
 4351.00   0.8010
 4352.00   0.8095
 4353.00   0.8299
 4354.00   0.8529
 4355.00   0.8861
 4356.00   0.9014
 4357.00   0.9027
 4358.00   0.9069
 4359.00   0.9141
 4360.00   0.9171
 4361.00   0.9284
 4362.00   0.9380
 4363.00   0.9439
 4364.00   0.9411
 4365.00   0.9371
 4366.00   0.9252
 4367.00   0.9167
 4368.00   0.9116
 4369.00   0.9175
 4370.00   0.9188
 4371.00   0.9248
 4372.00   0.9235
 4373.00   0.9252
 4374.00   0.9048
 4375.00   0.9048
 4376.00   0.9065
 4377.00   0.9218
 4378.00   0.9319
 4379.00   0.9473
 4380.00   0.9320
 4381.00   0.9048
 4382.00   0.8844
 4383.00   0.8707
 4384.00   0.8741
 4385.00   0.8707
 4386.00   0.8903
 4387.00   0.8950
 4388.00   0.9150
 4389.00   0.9167
 4390.00   0.9243
 4391.00   0.9269
 4392.00   0.9420
 4393.00   0.9405
 4394.00   0.9447
 4395.00   0.9456
 4396.00   0.9592
 4397.00   0.9626
 4398.00   0.9560
 4399.00   0.9252
 4400.00   0.9018
 4401.00   0.9065
 4402.00   0.9054
 4403.00   0.9114
 4404.00   0.9162
 4405.00   0.9252
 4406.00   0.9373
 4407.00   0.9430
 4408.00   0.9490
 4409.00   0.9528
 4410.00   0.9596
 4411.00   0.9724
 4412.00   0.9634
 4413.00   0.9474
 4414.00   0.9269
 4415.00   0.9150
 4416.00   0.9150
 4417.00   0.9252
 4418.00   0.9286
 4419.00   0.9354
 4420.00   0.9411
 4421.00   0.9396
 4422.00   0.9413
 4423.00   0.9439
 4424.00   0.9388
 4425.00   0.9473
 4426.00   0.9422
 4427.00   0.9467
 4428.00   0.9413
 4429.00   0.9388
 4430.00   0.9318
 4431.00   0.9235
 4432.00   0.9118
 4433.00   0.9150
 4434.00   0.9066
 4435.00   0.9133
 4436.00   0.9218
 4437.00   0.9490
 4438.00   0.9762
 4439.00   1.0000
 4440.00   0.9864
 4441.00   0.9445
 4442.00   0.9286
 4443.00   0.9209
 4444.00   0.9354
 4445.00   0.9447
 4446.00   0.9422
 4447.00   0.9405
 4448.00   0.9425
 4449.00   0.9473
 4450.00   0.9413
 4451.00   0.9388
 4452.00   0.9218
 4453.00   0.9158
 4454.00   0.9014
 4455.00   0.8948
 4456.00   0.8899
 4457.00   0.8818
 4458.00   0.8810
 4459.00   0.8827
 4460.00   0.8952
 4461.00   0.9022
 4462.00   0.9152
 4463.00   0.9201
 4464.00   0.9254
 4465.00   0.9206
 4466.00   0.9192
 4467.00   0.9158
 4468.00   0.9226
 4469.00   0.9139
 4470.00   0.9286
 4471.00   0.9388
 4472.00   0.9558
 4473.00   0.9626
 4474.00   0.9639
 4475.00   0.9543
 4476.00   0.9467
 4477.00   0.9394
 4478.00   0.9252
 4479.00   0.9022
 4480.00   0.8852
 4481.00   0.8673
 4482.00   0.8827
 4483.00   0.8994
 4484.00   0.9209
 4485.00   0.9252
 4486.00   0.9188
 4487.00   0.9167
 4488.00   0.9103
 4489.00   0.9150
 4490.00   0.9183
 4491.00   0.9456
 4492.00   0.9524
 4493.00   0.9413
 4494.00   0.9337
 4495.00   0.9252
 4496.00   0.9235
 4497.00   0.9357
 4498.00   0.9358
 4499.00   0.9418
 4500.00   0.9439
