 3900.00   0.6571
 3901.00   0.6633
 3902.00   0.6720
 3903.00   0.6647
 3904.00   0.6555
 3905.00   0.6486
 3906.00   0.6577
 3907.00   0.6937
 3908.00   0.7230
 3909.00   0.7522
 3910.00   0.7770
 3911.00   0.7860
 3912.00   0.7939
 3913.00   0.7984
 3914.00   0.7984
 3915.00   0.7934
 3916.00   0.7845
 3917.00   0.7793
 3918.00   0.7613
 3919.00   0.7325
 3920.00   0.7027
 3921.00   0.6802
 3922.00   0.6699
 3923.00   0.6736
 3924.00   0.6750
 3925.00   0.6689
 3926.00   0.6441
 3927.00   0.6081
 3928.00   0.5631
 3929.00   0.5023
 3930.00   0.4479
 3931.00   0.3964
 3932.00   0.3401
 3933.00   0.3063
 3934.00   0.3063
 3935.00   0.3378
 3936.00   0.3826
 3937.00   0.4267
 3938.00   0.4783
 3939.00   0.5225
 3940.00   0.5518
 3941.00   0.5788
 3942.00   0.5923
 3943.00   0.6036
 3944.00   0.6111
 3945.00   0.6326
 3946.00   0.6562
 3947.00   0.6768
 3948.00   0.6920
 3949.00   0.7072
 3950.00   0.7196
 3951.00   0.7262
 3952.00   0.7275
 3953.00   0.7196
 3954.00   0.7089
 3955.00   0.6993
 3956.00   0.6847
 3957.00   0.6757
 3958.00   0.6660
 3959.00   0.6577
 3960.00   0.6216
 3961.00   0.5788
 3962.00   0.5270
 3963.00   0.4859
 3964.00   0.4448
 3965.00   0.4013
 3966.00   0.3559
 3967.00   0.3086
 3968.00   0.2703
 3969.00   0.2613
 3970.00   0.2748
 3971.00   0.3041
 3972.00   0.3382
 3973.00   0.3829
 3974.00   0.4302
 3975.00   0.4820
 3976.00   0.5349
 3977.00   0.5833
 3978.00   0.6306
 3979.00   0.6691
 3980.00   0.7050
 3981.00   0.7320
 3982.00   0.7434
 3983.00   0.7502
 3984.00   0.7525
 3985.00   0.7607
 3986.00   0.7677
 3987.00   0.7765
 3988.00   0.7973
 3989.00   0.8221
 3990.00   0.8401
 3991.00   0.8519
 3992.00   0.8592
 3993.00   0.8707
 3994.00   0.8784
 3995.00   0.8784
 3996.00   0.8657
 3997.00   0.8578
 3998.00   0.8615
 3999.00   0.8818
 4000.00   0.8929
 4001.00   0.9032
 4002.00   0.8975
 4003.00   0.8882
 4004.00   0.8744
 4005.00   0.8563
 4006.00   0.8514
 4007.00   0.8514
 4008.00   0.8723
 4009.00   0.8908
 4010.00   0.9077
 4011.00   0.9200
 4012.00   0.9251
 4013.00   0.9322
 4014.00   0.9398
 4015.00   0.9527
 4016.00   0.9606
 4017.00   0.9656
 4018.00   0.9685
 4019.00   0.9691
 4020.00   0.9688
 4021.00   0.9652
 4022.00   0.9600
 4023.00   0.9578
 4024.00   0.9617
 4025.00   0.9628
 4026.00   0.9628
 4027.00   0.9583
 4028.00   0.9531
 4029.00   0.9392
 4030.00   0.9099
 4031.00   0.8851
 4032.00   0.8604
 4033.00   0.8559
 4034.00   0.8514
 4035.00   0.8850
 4036.00   0.9200
 4037.00   0.9628
 4038.00   0.9955
 4039.00   1.0000
 4040.00   0.9876
 4041.00   0.9707
 4042.00   0.9544
 4043.00   0.9212
 4044.00   0.8896
 4045.00   0.8378
 4046.00   0.8198
 4047.00   0.8401
 4048.00   0.8885
 4049.00   0.9341
 4050.00   0.9459
 4051.00   0.9499
 4052.00   0.9296
 4053.00   0.9155
 4054.00   0.9032
 4055.00   0.8919
 4056.00   0.8863
 4057.00   0.8837
 4058.00   0.8838
 4059.00   0.8784
 4060.00   0.8739
 4061.00   0.8626
 4062.00   0.8401
 4063.00   0.8226
 4064.00   0.8221
 4065.00   0.8288
 4066.00   0.8390
 4067.00   0.8514
 4068.00   0.8592
 4069.00   0.8626
 4070.00   0.8584
 4071.00   0.8446
 4072.00   0.8333
 4073.00   0.8311
 4074.00   0.8401
 4075.00   0.8378
 4076.00   0.8333
 4077.00   0.8200
 4078.00   0.8198
 4079.00   0.8322
 4080.00   0.8626
 4081.00   0.8891
 4082.00   0.9009
 4083.00   0.8896
 4084.00   0.8736
 4085.00   0.8604
 4086.00   0.8559
 4087.00   0.8784
 4088.00   0.8986
 4089.00   0.9054
 4090.00   0.8863
 4091.00   0.8644
 4092.00   0.8446
 4093.00   0.8288
 4094.00   0.8176
 4095.00   0.7995
 4096.00   0.7669
 4097.00   0.7331
 4098.00   0.7059
 4099.00   0.6693
 4100.00   0.6433
 4101.00   0.6171
 4102.00   0.6036
 4103.00   0.6171
 4104.00   0.6475
 4105.00   0.6942
 4106.00   0.7475
 4107.00   0.7883
 4108.00   0.7973
 4109.00   0.8063
 4110.00   0.8018
 4111.00   0.8153
 4112.00   0.8333
 4113.00   0.8609
 4114.00   0.8789
 4115.00   0.8975
 4116.00   0.9144
 4117.00   0.9279
 4118.00   0.9248
 4119.00   0.9167
 4120.00   0.9139
 4121.00   0.9136
 4122.00   0.9123
 4123.00   0.9136
 4124.00   0.9136
 4125.00   0.9153
 4126.00   0.9050
 4127.00   0.8960
 4128.00   0.8930
 4129.00   0.8986
 4130.00   0.8998
 4131.00   0.8874
 4132.00   0.8784
 4133.00   0.8688
 4134.00   0.8874
 4135.00   0.8865
 4136.00   0.9062
 4137.00   0.9237
 4138.00   0.9572
 4139.00   0.9640
 4140.00   0.9722
 4141.00   0.9459
 4142.00   0.9324
 4143.00   0.9234
 4144.00   0.9189
 4145.00   0.9178
 4146.00   0.9077
 4147.00   0.9386
 4148.00   0.9347
 4149.00   0.9347
 4150.00   0.9240
 4151.00   0.9110
 4152.00   0.9022
 4153.00   0.8894
 4154.00   0.8752
 4155.00   0.8660
 4156.00   0.8671
 4157.00   0.8716
 4158.00   0.8806
 4159.00   0.8874
 4160.00   0.9054
 4161.00   0.9382
 4162.00   0.9505
 4163.00   0.9628
 4164.00   0.9685
 4165.00   0.9707
 4166.00   0.9651
 4167.00   0.9555
 4168.00   0.9402
 4169.00   0.9336
 4170.00   0.9189
 4171.00   0.8941
 4172.00   0.8716
 4173.00   0.8468
 4174.00   0.8446
 4175.00   0.8587
 4176.00   0.8727
 4177.00   0.8761
 4178.00   0.8846
 4179.00   0.8953
 4180.00   0.8986
 4181.00   0.8940
 4182.00   0.8879
 4183.00   0.8819
 4184.00   0.8761
 4185.00   0.8833
 4186.00   0.8741
 4187.00   0.8695
 4188.00   0.8649
 4189.00   0.8777
 4190.00   0.8964
 4191.00   0.9099
 4192.00   0.9144
 4193.00   0.9167
 4194.00   0.9234
 4195.00   0.9133
 4196.00   0.8888
 4197.00   0.8559
 4198.00   0.8401
 4199.00   0.8288
 4200.00   0.8221
 4201.00   0.8198
 4202.00   0.8288
 4203.00   0.8378
 4204.00   0.8671
 4205.00   0.8829
 4206.00   0.9122
 4207.00   0.9302
 4208.00   0.9414
 4209.00   0.9459
 4210.00   0.9354
 4211.00   0.9426
 4212.00   0.9426
 4213.00   0.9505
 4214.00   0.9459
 4215.00   0.9291
 4216.00   0.9189
 4217.00   0.8993
 4218.00   0.9054
 4219.00   0.9144
 4220.00   0.9279
 4221.00   0.9279
 4222.00   0.9155
 4223.00   0.8863
 4224.00   0.8695
 4225.00   0.8097
 4226.00   0.7860
 4227.00   0.7568
 4228.00   0.7568
 4229.00   0.8018
 4230.00   0.8367
 4231.00   0.9018
 4232.00   0.9369
 4233.00   0.9426
 4234.00   0.8874
 4235.00   0.8682
 4236.00   0.8468
 4237.00   0.8491
 4238.00   0.8498
 4239.00   0.8660
 4240.00   0.8711
 4241.00   0.8851
 4242.00   0.9003
 4243.00   0.9155
 4244.00   0.9234
 4245.00   0.9119
 4246.00   0.9032
 4247.00   0.8880
 4248.00   0.8643
 4249.00   0.8485
 4250.00   0.8243
 4251.00   0.8198
 4252.00   0.8333
 4253.00   0.8429
 4254.00   0.8463
 4255.00   0.8457
 4256.00   0.8525
 4257.00   0.8829
 4258.00   0.8829
 4259.00   0.8631
 4260.00   0.8311
 4261.00   0.8514
 4262.00   0.8559
 4263.00   0.8829
 4264.00   0.9043
 4265.00   0.9324
 4266.00   0.9386
 4267.00   0.9414
 4268.00   0.9279
 4269.00   0.8941
 4270.00   0.8584
 4271.00   0.8133
 4272.00   0.7973
 4273.00   0.7554
 4274.00   0.7748
 4275.00   0.7810
 4276.00   0.8316
 4277.00   0.8668
 4278.00   0.8998
 4279.00   0.9189
 4280.00   0.9145
 4281.00   0.8964
 4282.00   0.8874
 4283.00   0.8885
 4284.00   0.8874
 4285.00   0.8851
 4286.00   0.8795
 4287.00   0.8679
 4288.00   0.8485
 4289.00   0.8364
 4290.00   0.8153
 4291.00   0.8086
 4292.00   0.8097
 4293.00   0.8207
 4294.00   0.8368
 4295.00   0.8333
 4296.00   0.8221
 4297.00   0.8063
 4298.00   0.7793
 4299.00   0.7432
 4300.00   0.7027
 4301.00   0.6726
 4302.00   0.6712
 4303.00   0.6571
 4304.00   0.6695
 4305.00   0.6802
 4306.00   0.6824
 4307.00   0.6734
 4308.00   0.6546
 4309.00   0.6273
 4310.00   0.6216
 4311.00   0.6464
 4312.00   0.6723
 4313.00   0.6948
 4314.00   0.7320
 4315.00   0.7798
 4316.00   0.8378
 4317.00   0.8761
 4318.00   0.9144
 4319.00   0.9189
 4320.00   0.9234
 4321.00   0.9122
 4322.00   0.8923
 4323.00   0.8604
 4324.00   0.8288
 4325.00   0.7973
 4326.00   0.7613
 4327.00   0.7297
 4328.00   0.7387
 4329.00   0.7978
 4330.00   0.8243
 4331.00   0.8468
 4332.00   0.8536
 4333.00   0.8514
 4334.00   0.8581
 4335.00   0.8514
 4336.00   0.8134
 4337.00   0.7703
 4338.00   0.7151
 4339.00   0.6847
 4340.00   0.6227
 4341.00   0.5946
 4342.00   0.5845
 4343.00   0.6229
 4344.00   0.6649
 4345.00   0.6963
 4346.00   0.7342
 4347.00   0.7680
 4348.00   0.8041
 4349.00   0.8198
 4350.00   0.8194
 4351.00   0.8108
 4352.00   0.8131
 4353.00   0.7973
 4354.00   0.8131
 4355.00   0.8114
 4356.00   0.8260
 4357.00   0.8460
 4358.00   0.8649
 4359.00   0.8806
 4360.00   0.8801
 4361.00   0.8958
 4362.00   0.9054
 4363.00   0.9178
 4364.00   0.9284
 4365.00   0.9381
 4366.00   0.9414
 4367.00   0.9347
 4368.00   0.9223
 4369.00   0.9088
 4370.00   0.9054
 4371.00   0.8993
 4372.00   0.9122
 4373.00   0.9032
 4374.00   0.8694
 4375.00   0.8581
 4376.00   0.8378
 4377.00   0.8491
 4378.00   0.8679
 4379.00   0.9054
 4380.00   0.9009
 4381.00   0.8694
 4382.00   0.8378
 4383.00   0.8029
 4384.00   0.7753
 4385.00   0.7173
 4386.00   0.7523
 4387.00   0.7568
 4388.00   0.8018
 4389.00   0.8288
 4390.00   0.8446
 4391.00   0.8457
 4392.00   0.8495
 4393.00   0.8494
 4394.00   0.8592
 4395.00   0.8671
 4396.00   0.8716
 4397.00   0.8964
 4398.00   0.9189
 4399.00   0.9148
 4400.00   0.9020
 4401.00   0.8930
 4402.00   0.8829
 4403.00   0.8750
 4404.00   0.8468
 4405.00   0.8468
 4406.00   0.8124
 4407.00   0.8423
 4408.00   0.8446
 4409.00   0.8705
 4410.00   0.8964
 4411.00   0.9291
 4412.00   0.9369
 4413.00   0.9411
 4414.00   0.9054
 4415.00   0.9099
 4416.00   0.8829
 4417.00   0.8739
 4418.00   0.8941
 4419.00   0.9212
 4420.00   0.9474
 4421.00   0.9459
 4422.00   0.9479
 4423.00   0.9389
 4424.00   0.9279
 4425.00   0.9234
 4426.00   0.9234
 4427.00   0.9433
 4428.00   0.9505
 4429.00   0.9459
 4430.00   0.9302
 4431.00   0.9167
 4432.00   0.9138
 4433.00   0.9103
 4434.00   0.9043
 4435.00   0.8941
 4436.00   0.9099
 4437.00   0.9279
 4438.00   0.9550
 4439.00   0.9685
 4440.00   0.9640
 4441.00   0.9525
 4442.00   0.9167
 4443.00   0.9032
 4444.00   0.9009
 4445.00   0.9122
 4446.00   0.9482
 4447.00   0.9561
 4448.00   0.9687
 4449.00   0.9696
 4450.00   0.9685
 4451.00   0.9550
 4452.00   0.9437
 4453.00   0.9324
 4454.00   0.9043
 4455.00   0.8720
 4456.00   0.8378
 4457.00   0.8243
 4458.00   0.8356
 4459.00   0.8446
 4460.00   0.8547
 4461.00   0.8637
 4462.00   0.8780
 4463.00   0.9009
 4464.00   0.9077
 4465.00   0.9032
 4466.00   0.9077
 4467.00   0.9081
 4468.00   0.9060
 4469.00   0.9031
 4470.00   0.9020
 4471.00   0.9116
 4472.00   0.9319
 4473.00   0.9493
 4474.00   0.9662
 4475.00   0.9673
 4476.00   0.9687
 4477.00   0.9730
 4478.00   0.9617
 4479.00   0.9392
 4480.00   0.9099
 4481.00   0.8919
 4482.00   0.8919
 4483.00   0.8910
 4484.00   0.9550
 4485.00   0.9595
 4486.00   0.9505
 4487.00   0.9505
 4488.00   0.9448
 4489.00   0.9369
 4490.00   0.9135
 4491.00   0.9155
 4492.00   0.9133
 4493.00   0.9172
 4494.00   0.9133
 4495.00   0.9093
 4496.00   0.9122
 4497.00   0.9208
 4498.00   0.9437
 4499.00   0.9426
 4500.00   0.9459
