 3900.00   0.5582
 3901.00   0.5427
 3902.00   0.5301
 3903.00   0.5221
 3904.00   0.5186
 3905.00   0.5221
 3906.00   0.5393
 3907.00   0.5630
 3908.00   0.5899
 3909.00   0.6130
 3910.00   0.6306
 3911.00   0.6358
 3912.00   0.6409
 3913.00   0.6409
 3914.00   0.6306
 3915.00   0.6151
 3916.00   0.6038
 3917.00   0.5793
 3918.00   0.5518
 3919.00   0.5277
 3920.00   0.5061
 3921.00   0.4910
 3922.00   0.4790
 3923.00   0.4726
 3924.00   0.4549
 3925.00   0.4411
 3926.00   0.4135
 3927.00   0.3747
 3928.00   0.3308
 3929.00   0.2938
 3930.00   0.2589
 3931.00   0.2279
 3932.00   0.1981
 3933.00   0.1861
 3934.00   0.1930
 3935.00   0.2136
 3936.00   0.2274
 3937.00   0.2622
 3938.00   0.2979
 3939.00   0.3475
 3940.00   0.3859
 3941.00   0.4032
 3942.00   0.4187
 3943.00   0.4307
 3944.00   0.4441
 3945.00   0.4781
 3946.00   0.5160
 3947.00   0.5376
 3948.00   0.5565
 3949.00   0.5651
 3950.00   0.5746
 3951.00   0.5820
 3952.00   0.5875
 3953.00   0.6048
 3954.00   0.6099
 3955.00   0.6134
 3956.00   0.5953
 3957.00   0.5815
 3958.00   0.5630
 3959.00   0.5272
 3960.00   0.4876
 3961.00   0.4531
 3962.00   0.4135
 3963.00   0.3842
 3964.00   0.3519
 3965.00   0.3109
 3966.00   0.2701
 3967.00   0.2378
 3968.00   0.2205
 3969.00   0.2343
 3970.00   0.2619
 3971.00   0.3024
 3972.00   0.3493
 3973.00   0.4036
 3974.00   0.4574
 3975.00   0.5100
 3976.00   0.5600
 3977.00   0.5979
 3978.00   0.6289
 3979.00   0.6528
 3980.00   0.6754
 3981.00   0.6840
 3982.00   0.6887
 3983.00   0.6831
 3984.00   0.6763
 3985.00   0.6754
 3986.00   0.6882
 3987.00   0.7064
 3988.00   0.7167
 3989.00   0.7271
 3990.00   0.7409
 3991.00   0.7512
 3992.00   0.7512
 3993.00   0.7517
 3994.00   0.7435
 3995.00   0.7357
 3996.00   0.7288
 3997.00   0.7236
 3998.00   0.7383
 3999.00   0.7598
 4000.00   0.7750
 4001.00   0.7839
 4002.00   0.7719
 4003.00   0.7615
 4004.00   0.7409
 4005.00   0.7271
 4006.00   0.7357
 4007.00   0.7478
 4008.00   0.7822
 4009.00   0.8063
 4010.00   0.8124
 4011.00   0.8132
 4012.00   0.8076
 4013.00   0.8081
 4014.00   0.8080
 4015.00   0.8029
 4016.00   0.8007
 4017.00   0.8063
 4018.00   0.8102
 4019.00   0.8175
 4020.00   0.8253
 4021.00   0.8269
 4022.00   0.8292
 4023.00   0.8223
 4024.00   0.8167
 4025.00   0.8218
 4026.00   0.8374
 4027.00   0.8408
 4028.00   0.8196
 4029.00   0.7831
 4030.00   0.7310
 4031.00   0.7030
 4032.00   0.6788
 4033.00   0.7030
 4034.00   0.7392
 4035.00   0.7692
 4036.00   0.8018
 4037.00   0.8339
 4038.00   0.8477
 4039.00   0.8356
 4040.00   0.8150
 4041.00   0.7994
 4042.00   0.7677
 4043.00   0.7305
 4044.00   0.6875
 4045.00   0.6616
 4046.00   0.6823
 4047.00   0.7305
 4048.00   0.7822
 4049.00   0.8167
 4050.00   0.8339
 4051.00   0.8408
 4052.00   0.8184
 4053.00   0.7926
 4054.00   0.7702
 4055.00   0.7547
 4056.00   0.7454
 4057.00   0.7374
 4058.00   0.7413
 4059.00   0.7460
 4060.00   0.7491
 4061.00   0.7258
 4062.00   0.7116
 4063.00   0.6790
 4064.00   0.6961
 4065.00   0.7037
 4066.00   0.7180
 4067.00   0.7461
 4068.00   0.7615
 4069.00   0.7547
 4070.00   0.7522
 4071.00   0.7478
 4072.00   0.7719
 4073.00   0.7891
 4074.00   0.7857
 4075.00   0.7650
 4076.00   0.7512
 4077.00   0.7376
 4078.00   0.7581
 4079.00   0.7753
 4080.00   0.8098
 4081.00   0.8236
 4082.00   0.8270
 4083.00   0.8231
 4084.00   0.8269
 4085.00   0.8339
 4086.00   0.8546
 4087.00   0.8718
 4088.00   0.8873
 4089.00   0.8856
 4090.00   0.8770
 4091.00   0.8657
 4092.00   0.8567
 4093.00   0.8567
 4094.00   0.8425
 4095.00   0.8218
 4096.00   0.7943
 4097.00   0.7658
 4098.00   0.7289
 4099.00   0.6870
 4100.00   0.6582
 4101.00   0.6478
 4102.00   0.6616
 4103.00   0.6918
 4104.00   0.7245
 4105.00   0.7619
 4106.00   0.7822
 4107.00   0.8029
 4108.00   0.8115
 4109.00   0.8201
 4110.00   0.8270
 4111.00   0.8384
 4112.00   0.8560
 4113.00   0.8722
 4114.00   0.8709
 4115.00   0.8821
 4116.00   0.8718
 4117.00   0.8597
 4118.00   0.8529
 4119.00   0.8565
 4120.00   0.8666
 4121.00   0.8632
 4122.00   0.8574
 4123.00   0.8522
 4124.00   0.8473
 4125.00   0.8438
 4126.00   0.8414
 4127.00   0.8348
 4128.00   0.8244
 4129.00   0.8098
 4130.00   0.7994
 4131.00   0.7788
 4132.00   0.7753
 4133.00   0.7813
 4134.00   0.8074
 4135.00   0.8246
 4136.00   0.8511
 4137.00   0.8705
 4138.00   0.8908
 4139.00   0.8959
 4140.00   0.8681
 4141.00   0.8296
 4142.00   0.8115
 4143.00   0.7994
 4144.00   0.8063
 4145.00   0.8201
 4146.00   0.8236
 4147.00   0.8327
 4148.00   0.8184
 4149.00   0.8253
 4150.00   0.8322
 4151.00   0.8365
 4152.00   0.8279
 4153.00   0.8145
 4154.00   0.8007
 4155.00   0.7908
 4156.00   0.7943
 4157.00   0.8081
 4158.00   0.8201
 4159.00   0.8343
 4160.00   0.8520
 4161.00   0.8744
 4162.00   0.8873
 4163.00   0.8856
 4164.00   0.8783
 4165.00   0.8636
 4166.00   0.8524
 4167.00   0.8408
 4168.00   0.8521
 4169.00   0.8563
 4170.00   0.8425
 4171.00   0.8098
 4172.00   0.7822
 4173.00   0.7650
 4174.00   0.7633
 4175.00   0.7769
 4176.00   0.7814
 4177.00   0.7874
 4178.00   0.7956
 4179.00   0.8029
 4180.00   0.8063
 4181.00   0.8063
 4182.00   0.7958
 4183.00   0.7937
 4184.00   0.7877
 4185.00   0.7805
 4186.00   0.7667
 4187.00   0.7581
 4188.00   0.7607
 4189.00   0.7803
 4190.00   0.7969
 4191.00   0.8089
 4192.00   0.8184
 4193.00   0.8266
 4194.00   0.8305
 4195.00   0.8115
 4196.00   0.7784
 4197.00   0.7572
 4198.00   0.7478
 4199.00   0.7486
 4200.00   0.7503
 4201.00   0.7495
 4202.00   0.7615
 4203.00   0.7755
 4204.00   0.8029
 4205.00   0.8201
 4206.00   0.8330
 4207.00   0.8425
 4208.00   0.8510
 4209.00   0.8608
 4210.00   0.8729
 4211.00   0.8804
 4212.00   0.8804
 4213.00   0.8787
 4214.00   0.8597
 4215.00   0.8150
 4216.00   0.8029
 4217.00   0.8230
 4218.00   0.8270
 4219.00   0.8253
 4220.00   0.8339
 4221.00   0.8339
 4222.00   0.8236
 4223.00   0.7762
 4224.00   0.7182
 4225.00   0.6340
 4226.00   0.6478
 4227.00   0.6913
 4228.00   0.7314
 4229.00   0.7441
 4230.00   0.7857
 4231.00   0.8177
 4232.00   0.8038
 4233.00   0.7982
 4234.00   0.7857
 4235.00   0.7667
 4236.00   0.7460
 4237.00   0.7478
 4238.00   0.7565
 4239.00   0.7814
 4240.00   0.7930
 4241.00   0.8089
 4242.00   0.8255
 4243.00   0.8391
 4244.00   0.8339
 4245.00   0.8322
 4246.00   0.8081
 4247.00   0.7865
 4248.00   0.7503
 4249.00   0.7228
 4250.00   0.7167
 4251.00   0.7254
 4252.00   0.7435
 4253.00   0.7495
 4254.00   0.7658
 4255.00   0.7719
 4256.00   0.7926
 4257.00   0.8063
 4258.00   0.7928
 4259.00   0.7502
 4260.00   0.6948
 4261.00   0.6961
 4262.00   0.7478
 4263.00   0.7857
 4264.00   0.8063
 4265.00   0.8098
 4266.00   0.8167
 4267.00   0.8029
 4268.00   0.7839
 4269.00   0.7374
 4270.00   0.6961
 4271.00   0.6547
 4272.00   0.6478
 4273.00   0.6469
 4274.00   0.6651
 4275.00   0.6909
 4276.00   0.7435
 4277.00   0.7770
 4278.00   0.8132
 4279.00   0.8167
 4280.00   0.7706
 4281.00   0.7633
 4282.00   0.7521
 4283.00   0.7529
 4284.00   0.7503
 4285.00   0.7547
 4286.00   0.7512
 4287.00   0.7415
 4288.00   0.7271
 4289.00   0.7198
 4290.00   0.7030
 4291.00   0.6995
 4292.00   0.7047
 4293.00   0.7133
 4294.00   0.7090
 4295.00   0.7030
 4296.00   0.6823
 4297.00   0.6530
 4298.00   0.6116
 4299.00   0.5737
 4300.00   0.5513
 4301.00   0.5349
 4302.00   0.5488
 4303.00   0.5473
 4304.00   0.5582
 4305.00   0.5513
 4306.00   0.5548
 4307.00   0.5479
 4308.00   0.5165
 4309.00   0.5031
 4310.00   0.5169
 4311.00   0.5548
 4312.00   0.6030
 4313.00   0.6306
 4314.00   0.6926
 4315.00   0.7759
 4316.00   0.8408
 4317.00   0.8753
 4318.00   0.8925
 4319.00   0.8959
 4320.00   0.9407
 4321.00   0.9097
 4322.00   0.8235
 4323.00   0.7443
 4324.00   0.7064
 4325.00   0.6478
 4326.00   0.6478
 4327.00   0.6943
 4328.00   0.7788
 4329.00   0.8274
 4330.00   0.8821
 4331.00   0.8873
 4332.00   0.8679
 4333.00   0.8662
 4334.00   0.8718
 4335.00   0.8442
 4336.00   0.8128
 4337.00   0.7588
 4338.00   0.7321
 4339.00   0.6961
 4340.00   0.6754
 4341.00   0.6478
 4342.00   0.6819
 4343.00   0.7260
 4344.00   0.7766
 4345.00   0.8029
 4346.00   0.8167
 4347.00   0.8374
 4348.00   0.8615
 4349.00   0.8546
 4350.00   0.8380
 4351.00   0.7926
 4352.00   0.7926
 4353.00   0.8046
 4354.00   0.8201
 4355.00   0.8374
 4356.00   0.8649
 4357.00   0.8695
 4358.00   0.8632
 4359.00   0.8666
 4360.00   0.8753
 4361.00   0.8925
 4362.00   0.9089
 4363.00   0.9269
 4364.00   0.9442
 4365.00   0.9390
 4366.00   0.9304
 4367.00   0.9166
 4368.00   0.9080
 4369.00   0.9028
 4370.00   0.8959
 4371.00   0.8880
 4372.00   0.8649
 4373.00   0.8460
 4374.00   0.8201
 4375.00   0.8063
 4376.00   0.8048
 4377.00   0.8201
 4378.00   0.8443
 4379.00   0.8477
 4380.00   0.8270
 4381.00   0.7788
 4382.00   0.7374
 4383.00   0.6754
 4384.00   0.6409
 4385.00   0.6760
 4386.00   0.7254
 4387.00   0.7581
 4388.00   0.7788
 4389.00   0.7977
 4390.00   0.8081
 4391.00   0.8124
 4392.00   0.8196
 4393.00   0.8175
 4394.00   0.8305
 4395.00   0.8442
 4396.00   0.8597
 4397.00   0.8839
 4398.00   0.8804
 4399.00   0.8671
 4400.00   0.8516
 4401.00   0.8399
 4402.00   0.8287
 4403.00   0.8081
 4404.00   0.7736
 4405.00   0.7581
 4406.00   0.7755
 4407.00   0.7977
 4408.00   0.8265
 4409.00   0.8553
 4410.00   0.8859
 4411.00   0.9304
 4412.00   0.9304
 4413.00   0.9243
 4414.00   0.8615
 4415.00   0.8580
 4416.00   0.8753
 4417.00   0.8821
 4418.00   0.8959
 4419.00   0.9166
 4420.00   0.9292
 4421.00   0.9226
 4422.00   0.9114
 4423.00   0.8994
 4424.00   0.8994
 4425.00   0.9063
 4426.00   0.9123
 4427.00   0.9180
 4428.00   0.9183
 4429.00   0.9184
 4430.00   0.9075
 4431.00   0.9010
 4432.00   0.8951
 4433.00   0.8882
 4434.00   0.8681
 4435.00   0.8718
 4436.00   0.8787
 4437.00   0.9201
 4438.00   0.9476
 4439.00   0.9648
 4440.00   0.9580
 4441.00   0.9350
 4442.00   0.9183
 4443.00   0.9132
 4444.00   0.9304
 4445.00   0.9476
 4446.00   0.9580
 4447.00   0.9580
 4448.00   0.9306
 4449.00   0.9425
 4450.00   0.9261
 4451.00   0.9166
 4452.00   0.9063
 4453.00   0.8908
 4454.00   0.8632
 4455.00   0.8400
 4456.00   0.8270
 4457.00   0.8270
 4458.00   0.8350
 4459.00   0.8348
 4460.00   0.8378
 4461.00   0.8442
 4462.00   0.8598
 4463.00   0.8994
 4464.00   0.9132
 4465.00   0.9278
 4466.00   0.9287
 4467.00   0.9330
 4468.00   0.9269
 4469.00   0.9210
 4470.00   0.9132
 4471.00   0.9338
 4472.00   0.9545
 4473.00   0.9821
 4474.00   0.9924
 4475.00   0.9924
 4476.00   1.0000
 4477.00   0.9959
 4478.00   0.9872
 4479.00   0.9666
 4480.00   0.9373
 4481.00   0.9304
 4482.00   0.9235
 4483.00   0.9287
 4484.00   0.9588
 4485.00   0.9735
 4486.00   0.9924
 4487.00   0.9855
 4488.00   0.9752
 4489.00   0.9476
 4490.00   0.9481
 4491.00   0.9468
 4492.00   0.9519
 4493.00   0.9562
 4494.00   0.9459
 4495.00   0.9425
 4496.00   0.9519
 4497.00   0.9631
 4498.00   0.9898
 4499.00   0.9898
 4500.00   0.9907
