 3900.00   0.2753
 3901.00   0.3034
 3902.00   0.3274
 3903.00   0.3483
 3904.00   0.3446
 3905.00   0.3071
 3906.00   0.2697
 3907.00   0.2547
 3908.00   0.2622
 3909.00   0.2643
 3910.00   0.2715
 3911.00   0.2734
 3912.00   0.2846
 3913.00   0.3071
 3914.00   0.3240
 3915.00   0.3483
 3916.00   0.3532
 3917.00   0.3371
 3918.00   0.3071
 3919.00   0.2846
 3920.00   0.2846
 3921.00   0.2584
 3922.00   0.2322
 3923.00   0.2197
 3924.00   0.2172
 3925.00   0.2622
 3926.00   0.2884
 3927.00   0.2659
 3928.00   0.2426
 3929.00   0.2372
 3930.00   0.2320
 3931.00   0.2327
 3932.00   0.2346
 3933.00   0.2331
 3934.00   0.2322
 3935.00   0.2346
 3936.00   0.2444
 3937.00   0.2557
 3938.00   0.2556
 3939.00   0.2484
 3940.00   0.2500
 3941.00   0.2322
 3942.00   0.2219
 3943.00   0.2022
 3944.00   0.1999
 3945.00   0.2121
 3946.00   0.2355
 3947.00   0.2509
 3948.00   0.2566
 3949.00   0.2697
 3950.00   0.2921
 3951.00   0.3187
 3952.00   0.3296
 3953.00   0.3184
 3954.00   0.2996
 3955.00   0.2968
 3956.00   0.2978
 3957.00   0.2753
 3958.00   0.2288
 3959.00   0.1835
 3960.00   0.1536
 3961.00   0.1573
 3962.00   0.1685
 3963.00   0.2060
 3964.00   0.2285
 3965.00   0.2597
 3966.00   0.2537
 3967.00   0.2416
 3968.00   0.2472
 3969.00   0.2640
 3970.00   0.2856
 3971.00   0.3006
 3972.00   0.3186
 3973.00   0.3371
 3974.00   0.3590
 3975.00   0.3818
 3976.00   0.4045
 3977.00   0.4157
 3978.00   0.4157
 3979.00   0.4087
 3980.00   0.4157
 3981.00   0.4419
 3982.00   0.4551
 3983.00   0.4466
 3984.00   0.4419
 3985.00   0.4429
 3986.00   0.4567
 3987.00   0.4752
 3988.00   0.4682
 3989.00   0.4448
 3990.00   0.4429
 3991.00   0.4438
 3992.00   0.4434
 3993.00   0.4436
 3994.00   0.4391
 3995.00   0.4532
 3996.00   0.4625
 3997.00   0.4682
 3998.00   0.4691
 3999.00   0.4675
 4000.00   0.4698
 4001.00   0.4722
 4002.00   0.4788
 4003.00   0.4871
 4004.00   0.4960
 4005.00   0.5056
 4006.00   0.5140
 4007.00   0.5267
 4008.00   0.5468
 4009.00   0.5618
 4010.00   0.5543
 4011.00   0.5496
 4012.00   0.5506
 4013.00   0.5455
 4014.00   0.5305
 4015.00   0.5129
 4016.00   0.5061
 4017.00   0.5192
 4018.00   0.5215
 4019.00   0.5187
 4020.00   0.4906
 4021.00   0.4816
 4022.00   0.4757
 4023.00   0.4785
 4024.00   0.4757
 4025.00   0.4710
 4026.00   0.4588
 4027.00   0.4607
 4028.00   0.4567
 4029.00   0.4287
 4030.00   0.4047
 4031.00   0.3858
 4032.00   0.3708
 4033.00   0.4064
 4034.00   0.4419
 4035.00   0.4854
 4036.00   0.5169
 4037.00   0.5243
 4038.00   0.5290
 4039.00   0.5318
 4040.00   0.5243
 4041.00   0.5117
 4042.00   0.4892
 4043.00   0.4641
 4044.00   0.4373
 4045.00   0.4120
 4046.00   0.4195
 4047.00   0.4551
 4048.00   0.4981
 4049.00   0.5343
 4050.00   0.5581
 4051.00   0.5730
 4052.00   0.5702
 4053.00   0.5515
 4054.00   0.5281
 4055.00   0.5206
 4056.00   0.5145
 4057.00   0.5262
 4058.00   0.5281
 4059.00   0.5318
 4060.00   0.5243
 4061.00   0.5004
 4062.00   0.4819
 4063.00   0.4550
 4064.00   0.4466
 4065.00   0.4307
 4066.00   0.4223
 4067.00   0.4298
 4068.00   0.4448
 4069.00   0.4532
 4070.00   0.4596
 4071.00   0.4672
 4072.00   0.4738
 4073.00   0.4738
 4074.00   0.4654
 4075.00   0.4551
 4076.00   0.4443
 4077.00   0.4356
 4078.00   0.4276
 4079.00   0.4232
 4080.00   0.4316
 4081.00   0.4522
 4082.00   0.4738
 4083.00   0.4794
 4084.00   0.4841
 4085.00   0.4719
 4086.00   0.4682
 4087.00   0.4794
 4088.00   0.4906
 4089.00   0.4972
 4090.00   0.4963
 4091.00   0.4896
 4092.00   0.4897
 4093.00   0.4897
 4094.00   0.4794
 4095.00   0.4663
 4096.00   0.4611
 4097.00   0.4597
 4098.00   0.4567
 4099.00   0.4429
 4100.00   0.4532
 4101.00   0.4738
 4102.00   0.4719
 4103.00   0.4625
 4104.00   0.4588
 4105.00   0.4660
 4106.00   0.4775
 4107.00   0.4850
 4108.00   0.5019
 4109.00   0.5037
 4110.00   0.5001
 4111.00   0.4764
 4112.00   0.4558
 4113.00   0.4457
 4114.00   0.4455
 4115.00   0.4642
 4116.00   0.4731
 4117.00   0.4766
 4118.00   0.4792
 4119.00   0.4837
 4120.00   0.4855
 4121.00   0.4892
 4122.00   0.4925
 4123.00   0.5037
 4124.00   0.5075
 4125.00   0.5056
 4126.00   0.5069
 4127.00   0.4893
 4128.00   0.4783
 4129.00   0.4682
 4130.00   0.4644
 4131.00   0.4663
 4132.00   0.4700
 4133.00   0.4672
 4134.00   0.4654
 4135.00   0.4700
 4136.00   0.4813
 4137.00   0.4869
 4138.00   0.4869
 4139.00   0.4794
 4140.00   0.4693
 4141.00   0.4719
 4142.00   0.4757
 4143.00   0.4813
 4144.00   0.4963
 4145.00   0.5281
 4146.00   0.5468
 4147.00   0.5541
 4148.00   0.5410
 4149.00   0.5513
 4150.00   0.5431
 4151.00   0.5468
 4152.00   0.5243
 4153.00   0.5159
 4154.00   0.5246
 4155.00   0.5309
 4156.00   0.5393
 4157.00   0.5506
 4158.00   0.5581
 4159.00   0.5599
 4160.00   0.5534
 4161.00   0.5440
 4162.00   0.5300
 4163.00   0.5225
 4164.00   0.5169
 4165.00   0.5150
 4166.00   0.5075
 4167.00   0.5094
 4168.00   0.5022
 4169.00   0.5468
 4170.00   0.5318
 4171.00   0.4869
 4172.00   0.4588
 4173.00   0.4307
 4174.00   0.4478
 4175.00   0.4845
 4176.00   0.5084
 4177.00   0.5281
 4178.00   0.5356
 4179.00   0.5356
 4180.00   0.5056
 4181.00   0.4888
 4182.00   0.4896
 4183.00   0.4888
 4184.00   0.4878
 4185.00   0.5009
 4186.00   0.5056
 4187.00   0.5075
 4188.00   0.5028
 4189.00   0.4938
 4190.00   0.4897
 4191.00   0.4906
 4192.00   0.5037
 4193.00   0.5187
 4194.00   0.5506
 4195.00   0.5468
 4196.00   0.5119
 4197.00   0.4813
 4198.00   0.4700
 4199.00   0.4729
 4200.00   0.4606
 4201.00   0.4409
 4202.00   0.4382
 4203.00   0.4546
 4204.00   0.4644
 4205.00   0.4644
 4206.00   0.4551
 4207.00   0.4438
 4208.00   0.4401
 4209.00   0.4270
 4210.00   0.4102
 4211.00   0.4064
 4212.00   0.3989
 4213.00   0.3858
 4214.00   0.3914
 4215.00   0.3558
 4216.00   0.3352
 4217.00   0.3233
 4218.00   0.3090
 4219.00   0.2809
 4220.00   0.2575
 4221.00   0.2266
 4222.00   0.2093
 4223.00   0.1798
 4224.00   0.1487
 4225.00   0.1170
 4226.00   0.1161
 4227.00   0.1199
 4228.00   0.1236
 4229.00   0.1348
 4230.00   0.1704
 4231.00   0.2067
 4232.00   0.2257
 4233.00   0.2444
 4234.00   0.2640
 4235.00   0.2893
 4236.00   0.3230
 4237.00   0.3333
 4238.00   0.3508
 4239.00   0.3270
 4240.00   0.3326
 4241.00   0.3221
 4242.00   0.3221
 4243.00   0.3279
 4244.00   0.3474
 4245.00   0.3681
 4246.00   0.3801
 4247.00   0.3811
 4248.00   0.3745
 4249.00   0.3745
 4250.00   0.3708
 4251.00   0.3624
 4252.00   0.3461
 4253.00   0.3352
 4254.00   0.3446
 4255.00   0.3577
 4256.00   0.3708
 4257.00   0.3783
 4258.00   0.3825
 4259.00   0.3670
 4260.00   0.3691
 4261.00   0.3736
 4262.00   0.3848
 4263.00   0.4064
 4264.00   0.4251
 4265.00   0.4307
 4266.00   0.4234
 4267.00   0.4719
 4268.00   0.4644
 4269.00   0.4357
 4270.00   0.4067
 4271.00   0.3739
 4272.00   0.3633
 4273.00   0.3427
 4274.00   0.3446
 4275.00   0.3446
 4276.00   0.3701
 4277.00   0.3984
 4278.00   0.4379
 4279.00   0.4625
 4280.00   0.4512
 4281.00   0.4476
 4282.00   0.4527
 4283.00   0.4714
 4284.00   0.4757
 4285.00   0.4831
 4286.00   0.4569
 4287.00   0.4280
 4288.00   0.3764
 4289.00   0.3558
 4290.00   0.3670
 4291.00   0.3970
 4292.00   0.4232
 4293.00   0.4569
 4294.00   0.4660
 4295.00   0.4572
 4296.00   0.4391
 4297.00   0.4312
 4298.00   0.4314
 4299.00   0.4284
 4300.00   0.4326
 4301.00   0.4217
 4302.00   0.4270
 4303.00   0.4307
 4304.00   0.4682
 4305.00   0.4719
 4306.00   0.4625
 4307.00   0.4635
 4308.00   0.4267
 4309.00   0.4419
 4310.00   0.4494
 4311.00   0.4906
 4312.00   0.5094
 4313.00   0.5318
 4314.00   0.5318
 4315.00   0.5039
 4316.00   0.5019
 4317.00   0.4953
 4318.00   0.5117
 4319.00   0.5205
 4320.00   0.5318
 4321.00   0.5379
 4322.00   0.5376
 4323.00   0.5417
 4324.00   0.5365
 4325.00   0.5243
 4326.00   0.5206
 4327.00   0.5206
 4328.00   0.5468
 4329.00   0.5866
 4330.00   0.6105
 4331.00   0.6086
 4332.00   0.5969
 4333.00   0.6016
 4334.00   0.6161
 4335.00   0.6063
 4336.00   0.5840
 4337.00   0.5641
 4338.00   0.5618
 4339.00   0.5702
 4340.00   0.5843
 4341.00   0.5964
 4342.00   0.6067
 4343.00   0.6173
 4344.00   0.6229
 4345.00   0.6304
 4346.00   0.6367
 4347.00   0.6367
 4348.00   0.6423
 4349.00   0.6292
 4350.00   0.6102
 4351.00   0.5749
 4352.00   0.5412
 4353.00   0.5094
 4354.00   0.5094
 4355.00   0.5096
 4356.00   0.5393
 4357.00   0.5549
 4358.00   0.5520
 4359.00   0.5492
 4360.00   0.5412
 4361.00   0.5412
 4362.00   0.5412
 4363.00   0.5407
 4364.00   0.5427
 4365.00   0.5524
 4366.00   0.5609
 4367.00   0.5796
 4368.00   0.6039
 4369.00   0.6414
 4370.00   0.6554
 4371.00   0.6304
 4372.00   0.5880
 4373.00   0.5880
 4374.00   0.6086
 4375.00   0.6180
 4376.00   0.6138
 4377.00   0.6091
 4378.00   0.6131
 4379.00   0.6067
 4380.00   0.5964
 4381.00   0.5665
 4382.00   0.5440
 4383.00   0.5028
 4384.00   0.4869
 4385.00   0.5452
 4386.00   0.5730
 4387.00   0.5824
 4388.00   0.5955
 4389.00   0.6021
 4390.00   0.6199
 4391.00   0.6358
 4392.00   0.6739
 4393.00   0.6742
 4394.00   0.6891
 4395.00   0.6685
 4396.00   0.6826
 4397.00   0.6742
 4398.00   0.6779
 4399.00   0.6819
 4400.00   0.6835
 4401.00   0.6725
 4402.00   0.6433
 4403.00   0.6236
 4404.00   0.6058
 4405.00   0.6105
 4406.00   0.5933
 4407.00   0.6313
 4408.00   0.6456
 4409.00   0.6667
 4410.00   0.6966
 4411.00   0.7191
 4412.00   0.7191
 4413.00   0.6941
 4414.00   0.6891
 4415.00   0.6985
 4416.00   0.7266
 4417.00   0.7397
 4418.00   0.7528
 4419.00   0.7491
 4420.00   0.7388
 4421.00   0.7230
 4422.00   0.7081
 4423.00   0.6943
 4424.00   0.6812
 4425.00   0.6648
 4426.00   0.6592
 4427.00   0.6760
 4428.00   0.7004
 4429.00   0.7266
 4430.00   0.7640
 4431.00   0.7940
 4432.00   0.7940
 4433.00   0.7715
 4434.00   0.6713
 4435.00   0.6517
 4436.00   0.6592
 4437.00   0.6891
 4438.00   0.7378
 4439.00   0.7865
 4440.00   0.7996
 4441.00   0.8016
 4442.00   0.8052
 4443.00   0.8052
 4444.00   0.7959
 4445.00   0.7959
 4446.00   0.8315
 4447.00   0.8624
 4448.00   0.8564
 4449.00   0.8661
 4450.00   0.8427
 4451.00   0.8539
 4452.00   0.7940
 4453.00   0.7341
 4454.00   0.6442
 4455.00   0.6401
 4456.00   0.6742
 4457.00   0.7116
 4458.00   0.7715
 4459.00   0.8052
 4460.00   0.7865
 4461.00   0.7809
 4462.00   0.8016
 4463.00   0.8221
 4464.00   0.8296
 4465.00   0.8268
 4466.00   0.8277
 4467.00   0.8399
 4468.00   0.8502
 4469.00   0.8645
 4470.00   0.8652
 4471.00   0.8670
 4472.00   0.8914
 4473.00   0.8914
 4474.00   0.9120
 4475.00   0.9176
 4476.00   0.9307
 4477.00   0.9064
 4478.00   0.9139
 4479.00   0.9363
 4480.00   0.9326
 4481.00   0.9213
 4482.00   0.9139
 4483.00   0.9070
 4484.00   0.9157
 4485.00   0.9185
 4486.00   0.9326
 4487.00   0.9345
 4488.00   0.9139
 4489.00   0.9026
 4490.00   0.9307
 4491.00   0.9419
 4492.00   0.9438
 4493.00   0.9288
 4494.00   0.9307
 4495.00   0.9307
 4496.00   0.9432
 4497.00   0.9610
 4498.00   0.9973
 4499.00   1.0000
 4500.00   0.9775
