 3900.00   0.9939
 3901.00   0.9953
 3902.00   0.9922
 3903.00   0.9919
 3904.00   0.9980
 3905.00   1.0000
 3906.00   0.9959
 3907.00   0.9919
 3908.00   0.9905
 3909.00   0.9851
 3910.00   0.9816
 3911.00   0.9811
 3912.00   0.9783
 3913.00   0.9723
 3914.00   0.9682
 3915.00   0.9630
 3916.00   0.9608
 3917.00   0.9581
 3918.00   0.9553
 3919.00   0.9472
 3920.00   0.9256
 3921.00   0.9202
 3922.00   0.9175
 3923.00   0.9184
 3924.00   0.9147
 3925.00   0.9083
 3926.00   0.9060
 3927.00   0.9060
 3928.00   0.9120
 3929.00   0.9120
 3930.00   0.9137
 3931.00   0.8999
 3932.00   0.8890
 3933.00   0.8769
 3934.00   0.8674
 3935.00   0.8769
 3936.00   0.8931
 3937.00   0.9132
 3938.00   0.9296
 3939.00   0.9432
 3940.00   0.9499
 3941.00   0.9452
 3942.00   0.9364
 3943.00   0.9337
 3944.00   0.9356
 3945.00   0.9337
 3946.00   0.9215
 3947.00   0.9188
 3948.00   0.9296
 3949.00   0.9350
 3950.00   0.9310
 3951.00   0.9184
 3952.00   0.9073
 3953.00   0.8972
 3954.00   0.8928
 3955.00   0.8943
 3956.00   0.8972
 3957.00   0.8999
 3958.00   0.9041
 3959.00   0.9100
 3960.00   0.9066
 3961.00   0.8917
 3962.00   0.8701
 3963.00   0.8590
 3964.00   0.8520
 3965.00   0.8403
 3966.00   0.8065
 3967.00   0.7578
 3968.00   0.7199
 3969.00   0.6874
 3970.00   0.6982
 3971.00   0.7064
 3972.00   0.7242
 3973.00   0.7510
 3974.00   0.7862
 3975.00   0.8241
 3976.00   0.8498
 3977.00   0.8633
 3978.00   0.8647
 3979.00   0.8675
 3980.00   0.8674
 3981.00   0.8664
 3982.00   0.8674
 3983.00   0.8755
 3984.00   0.8762
 3985.00   0.8762
 3986.00   0.8746
 3987.00   0.8687
 3988.00   0.8654
 3989.00   0.8654
 3990.00   0.8654
 3991.00   0.8606
 3992.00   0.8552
 3993.00   0.8527
 3994.00   0.8633
 3995.00   0.8728
 3996.00   0.8742
 3997.00   0.8674
 3998.00   0.8512
 3999.00   0.8430
 4000.00   0.8399
 4001.00   0.8430
 4002.00   0.8430
 4003.00   0.8442
 4004.00   0.8468
 4005.00   0.8491
 4006.00   0.8522
 4007.00   0.8546
 4008.00   0.8559
 4009.00   0.8512
 4010.00   0.8457
 4011.00   0.8468
 4012.00   0.8464
 4013.00   0.8451
 4014.00   0.8446
 4015.00   0.8515
 4016.00   0.8613
 4017.00   0.8687
 4018.00   0.8701
 4019.00   0.8667
 4020.00   0.8606
 4021.00   0.8518
 4022.00   0.8336
 4023.00   0.8163
 4024.00   0.8038
 4025.00   0.7930
 4026.00   0.7848
 4027.00   0.7825
 4028.00   0.7903
 4029.00   0.7959
 4030.00   0.8012
 4031.00   0.8065
 4032.00   0.8065
 4033.00   0.7876
 4034.00   0.7740
 4035.00   0.7889
 4036.00   0.7984
 4037.00   0.8214
 4038.00   0.8254
 4039.00   0.8268
 4040.00   0.8227
 4041.00   0.8248
 4042.00   0.8246
 4043.00   0.8173
 4044.00   0.8126
 4045.00   0.8119
 4046.00   0.8112
 4047.00   0.8214
 4048.00   0.8309
 4049.00   0.8399
 4050.00   0.8484
 4051.00   0.8417
 4052.00   0.8349
 4053.00   0.8417
 4054.00   0.8390
 4055.00   0.8363
 4056.00   0.8322
 4057.00   0.8295
 4058.00   0.8261
 4059.00   0.8281
 4060.00   0.8336
 4061.00   0.8346
 4062.00   0.8345
 4063.00   0.8337
 4064.00   0.8339
 4065.00   0.8322
 4066.00   0.8271
 4067.00   0.8190
 4068.00   0.8119
 4069.00   0.8065
 4070.00   0.8046
 4071.00   0.8058
 4072.00   0.8072
 4073.00   0.8038
 4074.00   0.8001
 4075.00   0.7997
 4076.00   0.7994
 4077.00   0.7989
 4078.00   0.7975
 4079.00   0.7945
 4080.00   0.7936
 4081.00   0.7936
 4082.00   0.7928
 4083.00   0.7940
 4084.00   0.7984
 4085.00   0.8015
 4086.00   0.7963
 4087.00   0.7896
 4088.00   0.7869
 4089.00   0.7892
 4090.00   0.7940
 4091.00   0.7941
 4092.00   0.7876
 4093.00   0.7808
 4094.00   0.7781
 4095.00   0.7713
 4096.00   0.7591
 4097.00   0.7334
 4098.00   0.7151
 4099.00   0.6631
 4100.00   0.6441
 4101.00   0.6387
 4102.00   0.6171
 4103.00   0.6279
 4104.00   0.6482
 4105.00   0.6708
 4106.00   0.7077
 4107.00   0.7226
 4108.00   0.7403
 4109.00   0.7421
 4110.00   0.7501
 4111.00   0.7517
 4112.00   0.7627
 4113.00   0.7601
 4114.00   0.7613
 4115.00   0.7620
 4116.00   0.7637
 4117.00   0.7647
 4118.00   0.7679
 4119.00   0.7742
 4120.00   0.7767
 4121.00   0.7740
 4122.00   0.7676
 4123.00   0.7625
 4124.00   0.7625
 4125.00   0.7612
 4126.00   0.7694
 4127.00   0.7618
 4128.00   0.7659
 4129.00   0.7666
 4130.00   0.7652
 4131.00   0.7625
 4132.00   0.7639
 4133.00   0.7665
 4134.00   0.7723
 4135.00   0.7700
 4136.00   0.7659
 4137.00   0.7591
 4138.00   0.7483
 4139.00   0.7470
 4140.00   0.7527
 4141.00   0.7571
 4142.00   0.7593
 4143.00   0.7581
 4144.00   0.7587
 4145.00   0.7577
 4146.00   0.7567
 4147.00   0.7546
 4148.00   0.7551
 4149.00   0.7547
 4150.00   0.7514
 4151.00   0.7561
 4152.00   0.7568
 4153.00   0.7586
 4154.00   0.7589
 4155.00   0.7605
 4156.00   0.7601
 4157.00   0.7551
 4158.00   0.7530
 4159.00   0.7481
 4160.00   0.7469
 4161.00   0.7399
 4162.00   0.7470
 4163.00   0.7432
 4164.00   0.7362
 4165.00   0.7314
 4166.00   0.7278
 4167.00   0.7243
 4168.00   0.7170
 4169.00   0.7236
 4170.00   0.7226
 4171.00   0.7212
 4172.00   0.7185
 4173.00   0.7158
 4174.00   0.7172
 4175.00   0.7327
 4176.00   0.7375
 4177.00   0.7409
 4178.00   0.7314
 4179.00   0.7280
 4180.00   0.7321
 4181.00   0.7348
 4182.00   0.7351
 4183.00   0.7267
 4184.00   0.7246
 4185.00   0.7253
 4186.00   0.7212
 4187.00   0.7172
 4188.00   0.7172
 4189.00   0.7165
 4190.00   0.7118
 4191.00   0.7037
 4192.00   0.6955
 4193.00   0.6888
 4194.00   0.6817
 4195.00   0.6783
 4196.00   0.6785
 4197.00   0.6752
 4198.00   0.6690
 4199.00   0.6565
 4200.00   0.6468
 4201.00   0.6441
 4202.00   0.6522
 4203.00   0.6666
 4204.00   0.6840
 4205.00   0.6942
 4206.00   0.7037
 4207.00   0.7077
 4208.00   0.7091
 4209.00   0.7074
 4210.00   0.7070
 4211.00   0.7094
 4212.00   0.7064
 4213.00   0.6942
 4214.00   0.6861
 4215.00   0.6793
 4216.00   0.6832
 4217.00   0.6937
 4218.00   0.6999
 4219.00   0.7037
 4220.00   0.7044
 4221.00   0.7075
 4222.00   0.7119
 4223.00   0.7152
 4224.00   0.7156
 4225.00   0.7043
 4226.00   0.7009
 4227.00   0.6969
 4228.00   0.6982
 4229.00   0.6962
 4230.00   0.6996
 4231.00   0.7084
 4232.00   0.7064
 4233.00   0.7016
 4234.00   0.6874
 4235.00   0.6827
 4236.00   0.6861
 4237.00   0.6918
 4238.00   0.6889
 4239.00   0.6847
 4240.00   0.6847
 4241.00   0.6882
 4242.00   0.6915
 4243.00   0.7042
 4244.00   0.7077
 4245.00   0.6904
 4246.00   0.6962
 4247.00   0.6930
 4248.00   0.6934
 4249.00   0.6934
 4250.00   0.6959
 4251.00   0.6955
 4252.00   0.6932
 4253.00   0.6861
 4254.00   0.6861
 4255.00   0.6928
 4256.00   0.6928
 4257.00   0.6894
 4258.00   0.6854
 4259.00   0.6865
 4260.00   0.6827
 4261.00   0.6783
 4262.00   0.6719
 4263.00   0.6675
 4264.00   0.6625
 4265.00   0.6596
 4266.00   0.6566
 4267.00   0.6610
 4268.00   0.6627
 4269.00   0.6617
 4270.00   0.6631
 4271.00   0.6654
 4272.00   0.6664
 4273.00   0.6680
 4274.00   0.6653
 4275.00   0.6644
 4276.00   0.6632
 4277.00   0.6612
 4278.00   0.6576
 4279.00   0.6563
 4280.00   0.6580
 4281.00   0.6634
 4282.00   0.6680
 4283.00   0.6727
 4284.00   0.6760
 4285.00   0.6779
 4286.00   0.6761
 4287.00   0.6713
 4288.00   0.6694
 4289.00   0.6651
 4290.00   0.6617
 4291.00   0.6536
 4292.00   0.6509
 4293.00   0.6529
 4294.00   0.6580
 4295.00   0.6582
 4296.00   0.6575
 4297.00   0.6561
 4298.00   0.6543
 4299.00   0.6507
 4300.00   0.6509
 4301.00   0.6466
 4302.00   0.6495
 4303.00   0.6499
 4304.00   0.6532
 4305.00   0.6543
 4306.00   0.6546
 4307.00   0.6572
 4308.00   0.6618
 4309.00   0.6677
 4310.00   0.6664
 4311.00   0.6671
 4312.00   0.6583
 4313.00   0.6539
 4314.00   0.6475
 4315.00   0.6413
 4316.00   0.6333
 4317.00   0.6302
 4318.00   0.6363
 4319.00   0.6384
 4320.00   0.6434
 4321.00   0.6455
 4322.00   0.6580
 4323.00   0.6563
 4324.00   0.6590
 4325.00   0.6538
 4326.00   0.6467
 4327.00   0.6382
 4328.00   0.6373
 4329.00   0.6408
 4330.00   0.6394
 4331.00   0.6346
 4332.00   0.6309
 4333.00   0.6253
 4334.00   0.6171
 4335.00   0.6008
 4336.00   0.5818
 4337.00   0.5521
 4338.00   0.5345
 4339.00   0.5196
 4340.00   0.5142
 4341.00   0.4980
 4342.00   0.5129
 4343.00   0.5237
 4344.00   0.5467
 4345.00   0.5622
 4346.00   0.5765
 4347.00   0.5873
 4348.00   0.5961
 4349.00   0.6069
 4350.00   0.6132
 4351.00   0.6255
 4352.00   0.6306
 4353.00   0.6340
 4354.00   0.6373
 4355.00   0.6414
 4356.00   0.6387
 4357.00   0.6370
 4358.00   0.6313
 4359.00   0.6292
 4360.00   0.6319
 4361.00   0.6279
 4362.00   0.6272
 4363.00   0.6272
 4364.00   0.6280
 4365.00   0.6278
 4366.00   0.6273
 4367.00   0.6258
 4368.00   0.6231
 4369.00   0.6184
 4370.00   0.6089
 4371.00   0.6004
 4372.00   0.5981
 4373.00   0.6062
 4374.00   0.6211
 4375.00   0.6265
 4376.00   0.6265
 4377.00   0.6194
 4378.00   0.6118
 4379.00   0.6059
 4380.00   0.6030
 4381.00   0.6057
 4382.00   0.6057
 4383.00   0.6022
 4384.00   0.6001
 4385.00   0.6008
 4386.00   0.6032
 4387.00   0.6056
 4388.00   0.6049
 4389.00   0.6035
 4390.00   0.6049
 4391.00   0.6032
 4392.00   0.6089
 4393.00   0.6001
 4394.00   0.6049
 4395.00   0.6055
 4396.00   0.6072
 4397.00   0.6057
 4398.00   0.6052
 4399.00   0.6051
 4400.00   0.6028
 4401.00   0.6015
 4402.00   0.6008
 4403.00   0.5995
 4404.00   0.5954
 4405.00   0.5913
 4406.00   0.5985
 4407.00   0.5913
 4408.00   0.5954
 4409.00   0.6022
 4410.00   0.6069
 4411.00   0.6001
 4412.00   0.5927
 4413.00   0.5809
 4414.00   0.5765
 4415.00   0.5696
 4416.00   0.5679
 4417.00   0.5647
 4418.00   0.5572
 4419.00   0.5572
 4420.00   0.5632
 4421.00   0.5702
 4422.00   0.5683
 4423.00   0.5609
 4424.00   0.5562
 4425.00   0.5494
 4426.00   0.5480
 4427.00   0.5599
 4428.00   0.5562
 4429.00   0.5548
 4430.00   0.5447
 4431.00   0.5345
 4432.00   0.5250
 4433.00   0.5287
 4434.00   0.5370
 4435.00   0.5412
 4436.00   0.5447
 4437.00   0.5473
 4438.00   0.5474
 4439.00   0.5489
 4440.00   0.5497
 4441.00   0.5537
 4442.00   0.5555
 4443.00   0.5595
 4444.00   0.5677
 4445.00   0.5727
 4446.00   0.5765
 4447.00   0.5798
 4448.00   0.5875
 4449.00   0.5886
 4450.00   0.5869
 4451.00   0.5846
 4452.00   0.5853
 4453.00   0.5880
 4454.00   0.5886
 4455.00   0.5932
 4456.00   0.5859
 4457.00   0.5846
 4458.00   0.5756
 4459.00   0.5704
 4460.00   0.5616
 4461.00   0.5595
 4462.00   0.5680
 4463.00   0.5754
 4464.00   0.5768
 4465.00   0.5781
 4466.00   0.5732
 4467.00   0.5735
 4468.00   0.5687
 4469.00   0.5647
 4470.00   0.5568
 4471.00   0.5555
 4472.00   0.5521
 4473.00   0.5575
 4474.00   0.5551
 4475.00   0.5572
 4476.00   0.5699
 4477.00   0.5629
 4478.00   0.5643
 4479.00   0.5598
 4480.00   0.5571
 4481.00   0.5532
 4482.00   0.5511
 4483.00   0.5490
 4484.00   0.5480
 4485.00   0.5487
 4486.00   0.5629
 4487.00   0.5653
 4488.00   0.5683
 4489.00   0.5562
 4490.00   0.5532
 4491.00   0.5562
 4492.00   0.5595
 4493.00   0.5582
 4494.00   0.5602
 4495.00   0.5636
 4496.00   0.5629
 4497.00   0.5713
 4498.00   0.5656
 4499.00   0.5656
 4500.00   0.5558
