   1.4196204e+03   3.0047360e-01
   1.4196243e+03  -1.5667504e+00
   1.4196282e+03  -2.1891584e+00
   1.4196321e+03  -4.4641600e-01
   1.4196360e+03   4.0349216e+00
   1.4196399e+03   4.0349216e+00
   1.4196438e+03   2.0432160e+00
   1.4196477e+03   5.4943680e-01
   1.4196516e+03  -2.8115664e+00
   1.4196555e+03  -3.3094928e+00
   1.4196594e+03   1.5452896e+00
   1.4196633e+03   2.7901056e+00
   1.4196672e+03  -1.5667504e+00
   1.4196711e+03  -9.4434240e-01
   1.4196750e+03   2.4166608e+00
   1.4196789e+03   2.1676976e+00
   1.4196828e+03   1.6697712e+00
   1.4196867e+03   1.6697712e+00
   1.4196906e+03   3.2880320e+00
   1.4196945e+03   2.2921792e+00
   1.4196984e+03   1.0259002e+01
   1.4197023e+03  -3.1850112e+00
   1.4197062e+03  -5.7089760e-01
   1.4197101e+03  -3.2193440e-01
   1.4197140e+03   6.7391840e-01
   1.4197180e+03  -2.1891584e+00
   1.4197219e+03  -2.1891584e+00
   1.4197258e+03   1.1718448e+00
   1.4197297e+03   2.9145872e+00
   1.4197336e+03  -2.1891584e+00
   1.4197375e+03   1.5452896e+00
   1.4197414e+03   1.7942528e+00
   1.4197453e+03   4.2495520e-01
   1.4197492e+03   3.0047360e-01
   1.4197531e+03   5.1510400e-02
   1.4197570e+03  -1.1933056e+00
   1.4197609e+03   6.7391840e-01
   1.4197648e+03   2.4166608e+00
   1.4197687e+03   3.6614768e+00
   1.4197726e+03  -7.2971200e-02
   1.4197765e+03  -3.9319008e+00
   1.4197804e+03  -7.2971200e-02
   1.4197843e+03   9.2288160e-01
   1.4197882e+03  -9.4434240e-01
   1.4197921e+03   6.7391840e-01
   1.4197960e+03   3.1635504e+00
   1.4197999e+03   1.7942528e+00
   1.4198038e+03   2.1676976e+00
   1.4198077e+03   4.2838848e+00
   1.4198116e+03   4.6573296e+00
   1.4198155e+03   4.1594032e+00
   1.4198194e+03   1.2963264e+00
   1.4198233e+03   2.1676976e+00
   1.4198272e+03   2.7901056e+00
   1.4198311e+03   5.4943680e-01
   1.4198350e+03   2.2921792e+00
   1.4198389e+03   1.1718448e+00
   1.4198428e+03   9.2288160e-01
   1.4198467e+03   1.4208080e+00
   1.4198506e+03   3.2880320e+00
   1.4198546e+03   1.2963264e+00
   1.4198585e+03   1.1718448e+00
   1.4198624e+03   9.2288160e-01
   1.4198663e+03   3.4125136e+00
   1.4198702e+03   4.5328480e+00
   1.4198741e+03   1.7942528e+00
   1.4198780e+03   1.4208080e+00
   1.4198819e+03   2.9145872e+00
   1.4198858e+03   5.1510400e-02
   1.4198897e+03   3.7859584e+00
   1.4198936e+03   4.2838848e+00
   1.4198975e+03   3.0390688e+00
   1.4199014e+03  -1.4422688e+00
   1.4199053e+03  -7.2971200e-02
   1.4199092e+03   4.5328480e+00
   1.4199131e+03   8.6407408e+00
   1.4199170e+03   7.3959248e+00
   1.4199209e+03   4.4083664e+00
   1.4199248e+03   8.0183328e+00
   1.4199287e+03   8.6407408e+00
   1.4199326e+03   8.0183328e+00
   1.4199365e+03   1.3868968e+01
   1.4199404e+03   1.6483082e+01
   1.4199443e+03   1.6483082e+01
   1.4199482e+03   2.0715456e+01
   1.4199521e+03   2.1711309e+01
   1.4199560e+03   2.4200941e+01
   1.4199599e+03   3.1545355e+01
   1.4199639e+03   3.8516325e+01
   1.4199678e+03   4.2624218e+01
   1.4199717e+03   5.5570304e+01
   1.4199756e+03   6.4532979e+01
   1.4199795e+03   7.5611842e+01
   1.4199834e+03   8.7313112e+01
   1.4199873e+03   9.0176189e+01
   1.4199912e+03   9.7022677e+01
   1.4199951e+03   1.0025920e+02
   1.4199990e+03   9.8516456e+01
   1.4200029e+03   9.6773714e+01
   1.4200068e+03   9.2790302e+01
   1.4200107e+03   8.9055854e+01
   1.4200146e+03   8.2084885e+01
   1.4200185e+03   8.3454182e+01
   1.4200224e+03   9.7894048e+01
   1.4200263e+03   1.0113057e+02
   1.4200302e+03   9.7271640e+01
   1.4200341e+03   9.5030971e+01
   1.4200380e+03   9.7645085e+01
   1.4200419e+03   1.0050816e+02
   1.4200458e+03   9.7894048e+01
   1.4200497e+03   9.5404416e+01
   1.4200536e+03   9.7396122e+01
   1.4200575e+03   1.0137953e+02
   1.4200615e+03   9.0923078e+01
   1.4200654e+03   8.5570370e+01
   1.4200693e+03   8.8931373e+01
   1.4200732e+03   9.3288229e+01
   1.4200771e+03   9.5777861e+01
   1.4200810e+03   9.0425152e+01
   1.4200849e+03   9.0176189e+01
   1.4200888e+03   9.0674115e+01
   1.4200927e+03   9.2043413e+01
   1.4200966e+03   9.5279934e+01
   1.4201005e+03   1.0374468e+02
   1.4201044e+03   1.0411813e+02
   1.4201083e+03   1.0063264e+02
   1.4201122e+03   9.8391974e+01
   1.4201161e+03   9.6898195e+01
   1.4201200e+03   8.8433446e+01
   1.4201239e+03   8.5819333e+01
   1.4201278e+03   8.3454182e+01
   1.4201317e+03   8.2707293e+01
   1.4201356e+03   8.2458330e+01
   1.4201395e+03   7.9719734e+01
   1.4201434e+03   7.4367026e+01
   1.4201474e+03   7.5113915e+01
   1.4201513e+03   7.6607694e+01
   1.4201552e+03   7.5487360e+01
   1.4201591e+03   7.7230102e+01
   1.4201630e+03   8.0342142e+01
   1.4201669e+03   7.8972845e+01
   1.4201708e+03   7.9470771e+01
   1.4201747e+03   8.3205219e+01
   1.4201786e+03   8.2084885e+01
   1.4201825e+03   7.3122210e+01
   1.4201864e+03   6.6649166e+01
   1.4201903e+03   6.6524685e+01
   1.4201942e+03   7.9968698e+01
   1.4201981e+03   9.9387827e+01
   1.4202020e+03   1.0623432e+02
   1.4202059e+03   1.1519699e+02
   1.4202098e+03   1.2017625e+02
   1.4202137e+03   1.1557044e+02
   1.4202176e+03   1.1706421e+02
   1.4202216e+03   1.2652482e+02
   1.4202255e+03   1.2976134e+02
   1.4202294e+03   1.2826756e+02
   1.4202333e+03   1.1830903e+02
   1.4202372e+03   1.2403518e+02
   1.4202411e+03   1.2789411e+02
   1.4202450e+03   1.2142107e+02
   1.4202489e+03   1.1295632e+02
   1.4202528e+03   1.1320528e+02
   1.4202567e+03   1.1731318e+02
   1.4202606e+03   1.1544595e+02
   1.4202645e+03   1.2017625e+02
   1.4202684e+03   1.1768662e+02
   1.4202723e+03   1.1581940e+02
   1.4202762e+03   1.0137953e+02
   1.4202801e+03   8.8806891e+01
   1.4202840e+03   7.5487360e+01
   1.4202879e+03   7.5736323e+01
   1.4202918e+03   7.5736323e+01
   1.4202958e+03   7.9719734e+01
   1.4202997e+03   7.2997728e+01
   1.4203036e+03   6.8640872e+01
   1.4203075e+03   6.7520538e+01
   1.4203114e+03   6.3039200e+01
   1.4203153e+03   6.1047494e+01
   1.4203192e+03   5.9055789e+01
   1.4203231e+03   6.1669902e+01
   1.4203270e+03   6.6773648e+01
   1.4203309e+03   7.5736323e+01
   1.4203348e+03   8.0217661e+01
   1.4203387e+03   7.7479066e+01
   1.4203426e+03   6.9761206e+01
   1.4203465e+03   6.8516390e+01
   1.4203504e+03   6.5528832e+01
   1.4203543e+03   6.3288163e+01
   1.4203582e+03   7.0010170e+01
   1.4203622e+03   6.7520538e+01
   1.4203661e+03   6.6400203e+01
   1.4203700e+03   7.0632578e+01
   1.4203739e+03   6.6898130e+01
   1.4203778e+03   6.5404350e+01
   1.4203817e+03   6.9512243e+01
   1.4203856e+03   6.0051642e+01
   1.4203895e+03   5.4823414e+01
   1.4203934e+03   5.0093114e+01
   1.4203973e+03   4.3122144e+01
   1.4204012e+03   4.0134586e+01
   1.4204051e+03   3.7022546e+01
   1.4204090e+03   3.1171910e+01
   1.4204129e+03   2.5196794e+01
   1.4204168e+03   2.3454051e+01
   1.4204207e+03   2.0093048e+01
   1.4204247e+03   1.4242413e+01
   1.4204286e+03   1.2997597e+01
   1.4204325e+03   1.2250707e+01
   1.4204364e+03   9.8855568e+00
   1.4204403e+03   1.0507965e+01
   1.4204442e+03   1.0259002e+01
   1.4204481e+03   8.1428144e+00
   1.4204520e+03   5.4042192e+00
   1.4204559e+03   7.3959248e+00
   1.4204598e+03   9.3876304e+00
   1.4204637e+03   1.0010038e+01
   1.4204676e+03   1.1005891e+01
   1.4204715e+03   8.7652224e+00
   1.4204754e+03   1.1130373e+01
   1.4204793e+03   1.3371042e+01
   1.4204833e+03   9.3876304e+00
   1.4204872e+03   7.6448880e+00
   1.4204911e+03   8.5162592e+00
   1.4204950e+03   9.6365936e+00
   1.4204989e+03   9.3876304e+00
   1.4205028e+03   7.2714432e+00
   1.4205067e+03   9.0141856e+00
   1.4205106e+03   1.3620005e+01
   1.4205145e+03   1.8350306e+01
   1.4205184e+03   1.8972714e+01
   1.4205223e+03   2.0590974e+01
   1.4205262e+03   3.1296392e+01
   1.4205301e+03   3.7147027e+01
   1.4205340e+03   4.3371107e+01
   1.4205379e+03   5.1960338e+01
   1.4205419e+03   5.7064083e+01
   1.4205458e+03   5.2582746e+01
   1.4205497e+03   4.3371107e+01
   1.4205536e+03   4.3993515e+01
   1.4205575e+03   4.8972779e+01
   1.4205614e+03   4.8474853e+01
   1.4205653e+03   5.2209301e+01
   1.4205692e+03   5.3205154e+01
   1.4205731e+03   5.4823414e+01
   1.4205770e+03   5.5819267e+01
   1.4205809e+03   5.8059936e+01
   1.4205848e+03   5.7935454e+01
   1.4205887e+03   6.2167829e+01
   1.4205926e+03   5.9180270e+01
   1.4205966e+03   5.3578598e+01
   1.4206005e+03   5.1088966e+01
   1.4206044e+03   4.7603482e+01
   1.4206083e+03   4.6358666e+01
   1.4206122e+03   4.5113850e+01
   1.4206161e+03   4.0508030e+01
   1.4206200e+03   3.4906358e+01
   1.4206239e+03   3.1296392e+01
   1.4206278e+03   3.1296392e+01
   1.4206317e+03   2.8059870e+01
   1.4206356e+03   2.5321275e+01
   1.4206395e+03   2.5570238e+01
   1.4206434e+03   2.2831643e+01
   1.4206473e+03   2.7686426e+01
   1.4206513e+03   2.7810907e+01
   1.4206552e+03   2.5321275e+01
   1.4206591e+03   2.5570238e+01
   1.4206630e+03   2.0964419e+01
   1.4206669e+03   2.1835790e+01
   1.4206708e+03   2.3827496e+01
   1.4206747e+03   1.8723750e+01
   1.4206786e+03   1.5611710e+01
   1.4206825e+03   1.4740339e+01
   1.4206864e+03   1.1752781e+01
   1.4206903e+03   1.2126226e+01
   1.4206942e+03   1.1130373e+01
   1.4206982e+03   8.7652224e+00
   1.4207021e+03   1.0756928e+01
   1.4207060e+03   8.6407408e+00
   1.4207099e+03   7.6448880e+00
   1.4207138e+03   9.1386672e+00
   1.4207177e+03   8.5162592e+00
   1.4207216e+03   7.1469616e+00
   1.4207255e+03   4.2838848e+00
   1.4207294e+03   3.5369952e+00
   1.4207333e+03   5.1552560e+00
   1.4207372e+03   4.4083664e+00
   1.4207411e+03   1.4208080e+00
   1.4207450e+03   1.9187344e+00
   1.4207490e+03   3.5369952e+00
   1.4207529e+03   2.5411424e+00
   1.4207568e+03   3.0047360e-01
   1.4207607e+03   5.1510400e-02
   1.4207646e+03   3.7859584e+00
   1.4207685e+03   3.1635504e+00
   1.4207724e+03  -9.4434240e-01
   1.4207763e+03  -5.1767168e+00
   1.4207802e+03  -2.9360480e+00
   1.4207841e+03  -3.0605296e+00
   1.4207880e+03  -1.6912320e+00
   1.4207919e+03   3.0047360e-01
   1.4207959e+03   3.0047360e-01
   1.4207998e+03  -4.4641600e-01
   1.4208037e+03   1.4208080e+00
   1.4208076e+03  -7.2971200e-02
   1.4208115e+03  -2.6870848e+00
   1.4208154e+03   7.9840000e-01
   1.4208193e+03   1.7599200e-01
   1.4208232e+03   5.4943680e-01
   1.4208271e+03  -1.9745280e-01
   1.4208310e+03   2.0432160e+00
   1.4208349e+03   1.1718448e+00
   1.4208388e+03   1.2963264e+00
   1.4208428e+03  -2.9360480e+00
   1.4208467e+03  -4.8032720e+00
   1.4208506e+03  -1.9745280e-01
   1.4208545e+03  -2.9360480e+00
   1.4208584e+03  -2.3136400e+00
   1.4208623e+03   8.5162592e+00
   1.4208662e+03   9.2288160e-01
   1.4208701e+03  -1.4422688e+00
   1.4208740e+03  -7.2971200e-02
   1.4208779e+03   6.0266272e+00
   1.4208818e+03  -7.2971200e-02
   1.4208858e+03  -3.8074192e+00
   1.4208897e+03  -5.7089760e-01
   1.4208936e+03  -5.7089760e-01
   1.4208975e+03  -3.6829376e+00
   1.4209014e+03  -6.9537920e-01
   1.4209053e+03   4.1594032e+00
   1.4209092e+03   5.9021456e+00
   1.4209131e+03   5.4042192e+00
   1.4209170e+03   2.7901056e+00
   1.4209209e+03   1.5452896e+00
   1.4209248e+03   9.2288160e-01
   1.4209288e+03   5.4943680e-01
   1.4209327e+03   4.4083664e+00
   1.4209366e+03   5.4943680e-01
   1.4209405e+03  -1.8157136e+00
   1.4209444e+03  -2.5626032e+00
