No	Ref	B	V
25	25	9.95	9.47
34	25	12.97	12.03
34	132	12.88	11.96
70	909	11.472	10.768
81	25	14.49	13.59
81	124	14.47	13.55
81	909	14.384	13.505
81	1043	14.44	13.56
83	124	15.91	14.86
83	1043	15.88	14.89
97	25	13.58	12.5
97	132	13.73	12.65
97	1051	13.73	12.65
102	25	11.22	10.51
102	144	11.23	10.52
102	909	11.295	10.54
105	25	14.74	13.76
105	1043	14.73	13.78
120	25	11.49	10.79
120	144	11.54	10.84
129	25	12.35	11.47
133	124	15.71	14.33
133	132	15.61	14.26
133	304	15.67	14.32
133	1043	15.7	14.32
134	124	15.92	14.41
134	144	15.84	14.37
134	496	15.9	14.39
134	1043	15.94	14.39
146	132	15.93	14.52
146	304	15.96	14.55
146	1043	16.01	14.6
152	25	11.45	10.75
152	144	11.42	10.73
152	1044	11.39	10.71
153	25	7.66	7.51
157	25	8.24	7.9
157	909	8.27	7.911
158	3	8.475	8.24
158	25	8.48	8.23
158	457	8.481	8.23
158	1044	8.47	8.21
164	25	10.02	9.54
164	909	10.089	9.556
164	1044	10.02	9.52
173	25	11.71	10.86
173	132	11.73	10.89
173	1044	11.75	10.86
174	25	12.47	11.62
186	25	11.32	10.52
186	1043	11.28	10.49
189	124	15.39	14.03
189	132	15.33	13.96
189	271	15.39	14.02
189	304	15.37	14
189	1043	15.36	14
191	124	16.02	14.6
191	132	15.85	14.5
191	271	15.93	14.5
191	304	15.88	14.53
191	1043	15.85	14.39
193	25	12.1	11.29
193	144	12.09	11.3
212	124	15.785	14.385
212	132	15.67	14.3
232	3	8.247	8.05
232	25	8.26	8.06
232	457	8.259	8.05
233	25	10.18	9.66
233	909	10.238	9.691
248	25	11.79	11.02
248	144	11.79	11.02
248	909	11.817	11.021
248	1044	11.8	11.01
250	25	11.36	10.68
250	144	11.37	10.7
250	1044	11.42	10.72
250	2032	11.36	10.69
253	25	11.34	10.66
257	25	13.32	12.51
257	1043	13.4	12.6
263	25	12.42	11.54
263	144	12.51	11.63
293	25	11.5	10.8
293	144	11.49	10.79
293	1044	11.51	10.78
296	25	12.3	11.46
296	132	12.38	11.54
296	312	12.19	11.36
296	909	12.425	11.512
298	25	11.74	10.86
303	25	11.37	10.48
303	144	11.36	10.48
303	1044	11.4	10.49
314	25	11.2	10.56
314	1044	11.26	10.6
316	1387	10.56	8.85
320	25	11.92	11.04
320	1044	11.92	11.02
324	124	14.07	13
324	132	14.04	12.99
324	144	13.93	12.87
324	359	13.99	12.91
324	442	14	12.96
324	1051	14.14	13.12
324	2032	14.01	12.9
335	124	15.04	13.76
335	132	15.03	13.77
335	1043	15.03	13.78
335	2032	14.96	13.65
338	3	9.518	9.06
338	25	9.53	9.07
338	457	9.539	9.08
338	1044	9.52	9.04
344	3	8.425	8.16
344	25	8.44	8.17
345	25	12.41	11.57
345	124	12.5	11.65
345	2032	12.23	11.4
347	124	15.42	13.98
347	132	15.41	14
347	271	15.49	14.05
347	1051	15.45	14.04
347	1051	15.45	14.04
357	25	14.9	13.46
357	132	14.46	13.27
357	304	14.51	13.32
357	312	14.56	13.34
357	1043	14.8	13.52
380	132	14.54	13.33
405	3	10.357	9.82
405	25	10.37	9.83
430	25	12.25	11.4
430	124	12.26	11.45
430	132	12.2	11.4
430	312	12.19	11.37
447	3	5.404	5.45
447	25	5.42	5.46
447	186	5.42	5.46
447	262	5.41	5.45
447	457	5.402	5.45
447	1091	5.42	5.46
451	124	14.72	13.49
451	132	14.64	13.43
451	304	14.63	13.44
451	1043	14.55	13.36
468	3	3.583	3.69
468	25	3.6	3.71
468	29	3.58	3.69
468	262	3.59	3.7
468	871	3.624	3.73
468	1091	3.58	3.7
468	1136	-0.103	
470	25	9.34	8.95
470	909	9.369	8.957
470	1044	9.26	8.86
476	25	11.61	10.81
476	312	11.58	10.78
476	1044	11.64	10.8
489	3	10.997	10.37
489	25	11.02	10.39
489	144	11.04	10.42
513	25	15.06	13.76
513	124	15.15	13.84
513	271	15.09	13.77
514	25	11.38	10.69
514	144	11.43	10.73
514	1044	11.44	10.73
522	25	12.87	11.93
522	124	12.89	11.97
522	132	12.87	11.97
530	25	9.34	8.95
530	909	9.362	8.978
531	3	8.901	8.57
531	25	8.92	8.58
541	3	5.565	5.64
541	25	5.58	5.65
541	268	4.68	4.76
541	1091	5.58	5.65
559	132	14.44	13.33
563	3	4.184	4.29
563	25	4.2	4.31
563	262	4.18	4.29
563	268	4.27	4.39
563	457	4.175	4.29
563	574	4.17	4.29
563	871	4.199	4.3
563	1091	4.19	4.3
563	1136	-0.091	
571	25	11.98	11.2
571	132	12.04	11.26
590	132	15.73	14.37
590	1051	15.71	14.34
605	3	9.419	8.98
605	25	9.43	8.99
624	132	16.81	15.28
624	304	16.79	15.27
625	25	13.67	12.57
625	132	13.88	12.69
625	2032	13.81	12.61
627	25	10.18	9.68
627	1044	10.17	9.65
636	25	13.54	12.48
636	132	13.42	12.4
649	496	12.89	11.94
652	3	8.236	8.02
652	25	8.25	8.04
659	25	13.08	12.13
659	132	12.98	12.04
676	25	14.86	13.56
676	124	15.02	13.71
676	132	14.94	13.64
676	909	15.861	13.936
686	359	15.39	13.67
686	1051	14.65	13.38
686	2032	14.4	13.4
697	3	8.932	8.58
697	25	8.95	8.6
708	3	10.722	10.12
708	25	10.75	10.13
708	909	10.774	10.158
717	3	7.319	7.16
717	25	7.34	7.18
727	3	10.248	9.7
727	25	10.25	9.7
727	1044	10.27	9.71
738	25	13.42	12.26
738	132	13.47	12.3
738	909	13.552	12.359
738	2032	13.45	12.28
739	25	10.18	9.56
739	132	10.19	9.57
739	1044	10.11	9.48
739	2032	10.05	9.44
740	132	14.46	13.4
740	1043	14.53	13.45
745	3	9.95	9.43
745	25	9.97	9.45
745	1044	9.99	9.46
746	25	12.19	11.27
746	132	12.07	11.3
761	25	11.22	10.55
761	1044	11.27	10.56
762	124	15.75	14.33
762	132	15.63	14.23
762	442	15.73	14.33
785	3	3.792	3.86
785	25	3.81	3.88
785	262	3.8	3.87
785	871	3.832	3.91
785	1091	3.8	3.87
785	1136	-0.069	
793	124	15.705	14.305
793	132	15.74	14.27
793	304	15.78	14.31
793	1043	15.65	14.32
799	124	15.02	13.71
799	132	15	13.66
799	304	15.04	13.7
799	1043	14.94	13.61
801	25	6.89	6.85
801	909	6.89	6.838
803	496	13.39	11.97
804	3	8.032	7.84
804	25	8.05	7.85
804	909	8.027	7.845
817	3	5.706	5.75
817	25	5.72	5.76
817	574	5.73	5.77
817	909	5.751	5.773
817	1091	5.72	5.76
859	3	6.382	6.41
859	25	6.41	6.43
859	909	6.415	6.43
859	1091	6.41	6.43
865	25	17.06	16.01
870	132	13.86	12.61
879	124	13.9	12.82
879	132	13.86	12.79
879	442	13.82	12.76
882	25	13.73	12.66
882	132	14.02	12.95
882	2032	13.61	12.55
883	124	14.2	13.05
883	132	14.13	13.05
883	442	14.14	13.02
885	25	13.06	12.05
885	132	13.1	12.08
906	132	16.72	15.2
915	25	14.85	13.62
915	132	15.02	13.79
916	25	12.58	11.71
916	909	12.489	11.62
923	25	10.74	10.12
923	132	10.77	10.16
930	124	15.57	14.23
930	442	15.59	14.22
945	25	14.35	13.29
945	132	14.34	13.32
948	25	9.26	8.66
948	909	9.279	8.685
956	25	8.28	7.96
974	124	15.18	13.86
974	132	15.3	13.96
974	442	15.29	13.95
975	25	11.37	10.56
975	312	11.42	10.58
980	3	4.104	4.16
980	25	4.12	4.18
980	29	4.12	4.18
980	262	4.12	4.18
980	871	4.134	4.18
980	1091	4.12	4.18
992	496	13.23	12.26
995	345	10.91	10.04
996	3	11.06	10.42
996	25	11.06	10.42
996	144	11.05	10.42
996	909	11.099	10.453
996	1044	11.07	10.4
1008	345	11.85	10.04
1015	25	11.19	10.54
1015	144	11.19	10.54
1015	345	11.2	10.55
1021	496	11.64	10.36
1028	3	7.437	7.34
1028	25	7.45	7.35
1028	457	7.46	7.35
1028	1044	7.51	7.4
1029	132	15.73	14.34
1029	1051	15.73	14.21
1032	25	12.2	11.34
1032	312	11.85	11.1
1039	132	14.18	12.96
1039	359	14.43	13.13
1039	1051	14.3	13.07
1039	2032	14.24	13.04
1061	124	15.7	14.28
1061	132	15.6	14.21
1061	304	15.62	14.23
1061	1043	15.49	14.19
1081	132	16.03	14.61
1084	3	8.443	8.09
1084	25	8.47	8.11
1084	244	8.5	8.14
1084	457	8.503	8.14
1084	1042	8.46	8.11
1084	1044	8.53	8.16
1088	496	13.91	13.07
1095	25	12.8	11.92
1095	144	12.75	11.83
1100	25	13.31	12.16
1100	132	13.35	12.25
1100	1051	13.3	12.13
1101	25	10.87	10.26
1101	144	10.86	10.25
1101	345	10.9	10.29
1103	132	16.25	14.77
1110	132	14.48	13.29
1110	1043	14.64	13.41
1114	124	15.46	14.08
1114	132	15.49	14.1
1114	442	15.52	14.1
1117	3	10.924	10.2
1117	25	10.93	10.2
1117	457	10.933	10.2
1117	496	10.93	10.22
1122	3	9.737	9.28
1122	25	9.75	9.29
1122	909	9.807	9.337
1124	25	13.04	12.12
1124	132	13.3	12.32
1132	25	9.91	9.42
1136	25	13.01	12.02
1136	132	13.18	12.18
1139	25	9.86	9.38
1163	496	13.92	13.14
1173	124	16.72	15.21
1173	132	16.6	15.11
1173	304	16.65	15.13
1173	312	16.66	15.1
1173	442	16.71	15.23
1182	25	11.1	10.46
1184	345	10.96	10.62
1200	25	10.44	9.9
1207	25	11.09	10.47
1207	144	11.15	10.51
1215	3	11.158	10.52
1215	25	11.17	10.52
1215	132	11.17	10.55
1220	25	12.62	11.74
1234	3	6.825	6.8
1234	25	6.84	6.82
1234	50	6.841	6.82
1234	457	6.843	6.83
1266	25	8.64	8.28
1266	345	8.68	8.3
1275	25	12.31	11.47
1275	312	12.28	11.45
1280	124	15.92	14.55
1280	442	15.93	14.58
1284	3	8.674	8.38
1284	25	8.67	8.37
1284	457	8.663	8.37
1286	132	17.03	15.35
1286	304	17.02	15.34
1298	25	13.2	12.18
1298	132	13.33	12.33
1305	25	14.64	13.46
1305	132	14.71	13.52
1305	304	14.84	13.65
1305	312	14.75	13.55
1306	25	14.74	13.39
1306	124	14.855	13.505
1306	132	14.71	13.4
1306	304	14.76	13.45
1306	1043	14.7	13.36
1309	3	9.908	9.44
1309	25	9.93	9.46
1309	909	9.953	9.476
1321	124	16.89	15.33
1321	132	16.67	15.22
1321	304	16.72	15.27
1321	312	16.69	15.22
1321	442	16.88	15.25
1331	345	10.25	9
1332	25	13.45	12.41
1332	132	13.55	12.53
1332	1043	13.5	12.46
1338	25	9.15	8.69
1348	25	13.79	12.61
1348	132	13.85	12.7
1348	304	13.9	12.75
1348	1043	13.81	12.64
1355	25	15.2	13.97
1355	132	15.42	14.02
1355	304	15.47	14.07
1357	186	7.5	7
1362	25	8.51	8.25
1375	25	6.31	6.29
1380	3	7.01	6.98
1380	25	7.02	6.99
1384	3	7.846	7.64
1384	25	7.87	7.66
1384	186	7.9	7.68
1391	496	11.55	10.94
1397	3	7.295	7.26
1397	25	7.31	7.26
1397	1044	7.31	7.24
1404	186	8.91	8.73
1407	25	8.38	8.13
1420	496	11.82	10.44
1425	3	7.913	7.76
1425	25	7.92	7.77
1425	457	7.915	7.75
1431	3	6.863	6.8
1431	25	6.87	6.81
1431	909	6.897	6.831
1431	1044	6.9	6.83
1432	3	2.77	2.86
1432	25	2.78	2.87
1432	29	2.77	2.86
1432	457	2.78	2.87
1432	871	2.81	2.9
1432	1091	2.78	2.87
1432	1136	-0.064	
1432	1281	2.8	2.87
1440	25	16.65	15.64
1454	25	13.94	12.78
1454	132	13.94	12.86
1454	359	14	12.88
1454	1043	13.99	12.87
1485	124	15.58	14.23
1485	132	15.53	14.21
1485	442	15.62	14.23
1491	25	17.02	16.42
1498	3	8.92	7.68
1498	25	8.95	7.72
1498	457	8.955	7.73
1512	25	14.87	13.5
1512	132	14.77	13.51
1514	25	11.12	10.48
1514	144	11.19	10.53
1514	909	11.222	10.558
1514	1044	11.14	10.48
1516	25	15.33	14.02
1516	124	15.14	13.87
1516	132	15.31	13.97
1516	909	14.033	13.67
1531	25	14.45	13.3
1531	1043	14.63	13.41
1532	25	15.21	13.95
1532	124	15.19	13.9
1532	132	15.26	13.99
1532	2032	15.22	13.92
1549	3	9.94	8.77
1549	25	9.94	8.79
1549	50	9.95	8.8
1549	457	9.928	8.78
1553	25	13.28	12.22
1553	132	13.58	12.49
1553	1051	13.48	12.35
1553	1051	13.48	12.35
1593	25	11.87	11.12
1593	124	11.87	11.11
1593	144	11.92	11.15
1613	3	10.4	9.86
1613	25	10.42	9.88
1628	25	14.26	13.45
1630	345	11.77	10.51
1645	25	12.04	11.33
1653	124	14.75	13.55
1653	132	14.71	13.5
1653	271	14.84	13.61
1653	304	14.7	13.49
1653	1043	14.97	13.69
1653	2032	14.53	13.34
1705	3	8.132	6.43
1705	25	8.16	6.46
1705	50	8.161	6.46
1705	457	8.143	6.44
1712	25	15.37	14.36
1726	3	9.788	9.24
1726	25	9.8	9.25
1726	457	9.794	9.28
1726	1387	9.83	9.29
1756	124	15.48	14.11
1756	132	15.47	14.1
1756	442	15.57	14.2
1762	3	8.611	8.25
1762	25	8.63	8.27
1766	3	9.59	9.12
1766	25	9.6	9.13
1766	345	9.62	9.15
1776	25	11.63	10.91
1776	132	11.66	10.94
1776	345	11.67	10.95
1776	1044	11.61	10.88
1785	124	15.69	14.29
1785	442	16.08	14.54
1794	25	11	10.36
1794	144	11.02	10.4
1797	3	10.648	10.09
1797	25	10.67	10.11
1823	3	5.368	5.44
1823	25	5.38	5.45
1823	1091	5.38	5.45
1823	1137	5.37	5.44
1823	1138	5.38	5.43
1827	132	16.34	14.87
1829	345	9.34	8.52
1856	3	10.576	10.02
1856	25	10.58	10.02
1876	3	7.065	6.94
1876	25	7.07	6.95
1883	25	13.66	12.6
1883	132	13.69	12.66
1883	1051	13.71	12.64
1883	1051	13.71	12.64
1912	25	9.54	9.05
1924	3	10.954	10.34
1924	25	10.95	10.33
1924	144	10.94	10.33
1993	3	8.644	8.36
1993	25	8.66	8.37
1993	1044	8.65	8.39
2016	25	14.74	13.52
2016	132	14.77	13.55
2016	304	14.83	13.61
2027	25	11.77	10.91
2027	132	11.8	10.94
2027	144	11.77	10.92
2027	312	11.74	10.89
2034	25	13.56	12.57
2034	132	13.61	12.65
2034	1051	13.55	12.51
2034	1051	13.55	12.51
2082	25	15.31	13.98
2082	132	15.26	13.91
2082	304	15.32	13.97
2087	186	6.89	6.47
2106	25	12.39	11.53
2106	144	12.41	11.54
2126	25	12.5	11.64
2126	132	12.56	11.71
2144	132	16.76	15.31
2147	25	11.63	10.83
2147	1044	11.69	10.87
2168	3	3.535	3.62
2168	25	3.56	3.64
2168	230	3.54	3.62
2168	871	3.555	3.65
2168	1091	3.53	3.62
2168	1136	-0.075	
2172	25	11.06	10.44
2172	144	11.06	10.44
2181	3	5.002	5.08
2181	25	5.01	5.09
2181	230	4.92	5
2181	574	4.98	5.06
2181	1062	5.22	5.255
2181	1091	5.01	5.09
2181	1123	5.14	5.16
2193	132	15.6	14.23
2193	1051	15.65	14.18
2193	1051	15.65	14.18
2195	3	8.33	8.11
2195	25	8.34	8.12
2199	25	15.44	14.31
2199	1043	15.46	14.38
2208	124	15.79	14.42
2208	132	15.78	14.42
2208	304	15.82	14.46
2208	442	16.06	14.59
2209	25	15.85	14.38
2209	132	15.85	14.48
2220	3	7.607	7.51
2220	25	7.62	7.52
2244	25	13.71	12.67
2244	132	13.57	12.58
2244	304	13.62	12.63
2244	2032	13.6	12.57
2263	3	6.562	6.59
2263	25	6.57	6.6
2263	566	6.59	6.62
2278	25	11.69	10.83
2278	132	11.83	10.96
2278	312	11.8	10.92
2284	25	12.13	11.35
2287	25	16.87	15.72
2289	3	8.135	7.96
2289	25	8.15	7.97
2311	25	12.19	11.36
2311	312	12.17	11.35
2341	25	11.58	10.87
2341	144	11.65	10.93
2345	3	9.514	9.08
2345	25	9.54	9.1
2366	25	12.35	11.53
2366	144	12.31	11.49
2368	1051	15.36	14.02
2406	25	11.86	11.1
2407	25	13.39	12.29
2407	132	13.14	12.19
2407	1043	13.26	12.28
2411	304	15.83	14.19
2411	1043	15.77	14.18
2415	25	8.32	8.1
2425	3	6.108	6.16
2425	25	6.12	6.17
2425	1091	6.12	6.17
2462	25	12.38	11.55
2462	312	12.33	11.49
2484	3	9.302	9.14
2484	25	9.32	9.16
2484	50	9.339	9.17
2484	487	9.323	9.159
2488	3	7.607	7.53
2488	25	7.62	7.54
2506	25	10.83	10.23
2507	25	6.8	6.74
2548	132	15.35	14.02
2548	271	15.39	14.04
2588	25	14.32	13.1
2588	124	14.41	13.25
2588	132	14.54	13.36
2588	271	14.39	13.22
2591	1051	14.512	13.279
2601	132	16.54	15.01
2601	304	16.46	14.96
2601	312	16.55	14.97
2601	1043	16.65	15.09
2602	132	17.12	15.49
2602	304	17.12	15.49
2644	25	11.76	11.03
2644	124	11.81	11.07
2644	144	11.86	11.09
2655	132	16.75	15.46
2665	25	12.19	11.36
2690	3	7.544	7.41
2690	25	7.55	7.42
2741	25	13.6	12.6
2741	132	13.66	12.65
2741	304	13.7	12.69
2786	25	10.91	10.31
2866	3	7.006	6.92
2866	25	7.02	6.93
2870	25	13.52	12.45
2870	132	13.52	12.51
2880	25	12.61	11.75
2881	25	12.43	11.48
2881	132	12.53	11.57
2881	312	12.54	11.56
2908	132	14.58	13.45
2908	1043	14.56	13.41
2927	25	15.17	13.92
2927	132	15.23	13.97
2927	271	15.12	13.87
2927	1051	15.14	13.8
2940	132	15.3	13.98
2966	132	16.36	14.86
2966	304	16.4	14.9
2984	25	13.37	12.37
2984	132	13.41	12.41
3010	186	6.95	6.79
3019	25	14.64	13.45
3019	132	14.74	13.53
3030	25	15.36	13.96
3030	132	15.46	14.08
3030	144	15.42	14.03
3030	1043	15.37	14.02
3031	3	9.194	8.81
3031	25	9.21	8.83
3034	25	12.22	11.76
3063	25	14.69	13.52
3063	132	14.71	13.54
3063	304	14.77	13.6
3063	1043	14.6	13.44
3063	2032	14.7	13.46
3065	1051	14.36	12.97
3069	25	14.97	13.85
3096	25	13.15	12.15
3096	132	13.02	12.09
3097	25	11.71	10.97
3104	25	14.7	13.41
3104	132	14.74	13.47
3122	25	12.65	11.92
3163	25	13.67	12.69
3163	132	13.78	12.77
3179	25	10.6	10.04
3187	25	14.28	13.12
3187	132	14.31	13.15
3187	271	14.38	13.18
3197	25	13.36	12.26
3197	132	13.17	12.1
3197	1051	13.19	12.04
3241	25	14.35	13.78
3301	25	10.06	9.55
3302	25	9.2	8.84
3303	25	9.69	9.19
3303	1044	9.76	9.23
3304	25	6.7	6.7
3305	25	7.13	7.09
3306	25	6.66	6.51
3306	1387	6.66	6.5
3307	25	7.34	7.26
3308	25	8.15	7.8
3309	25	9.6	9.16
3310	25	9.61	9.15
3311	25	10.37	9.83
3312	25	9.05	8.58
3313	25	10.41	9.84
3314	25	9.98	9.49
3315	25	9.59	9.11
3315	1044	9.63	9.13
3316	25	7.91	7.73
3317	25	8	7.81
3318	25	8.24	8.02
3318	720	8.27	8.05
3319	25	9.06	8.7
3320	25	8.56	8.3
3321	25	8.79	8.41
3321	1044	8.8	8.4
3322	25	7.9	7.72
3323	25	7.03	7
3324	25	10.07	9.55
3325	25	6.06	6.07
3325	1091	6.06	6.07
3326	25	10.14	9.64
3327	25	9.94	9.41
3328	25	7.8	7.64
3329	25	9.92	9.44
3329	851	9.92	9.44
3329	1044	9.93	9.45
3330	25	6.48	6.36
3330	686	6.46	6.34
3331	25	9.62	9.08
3332	25	9.5	9.07
3333	25	11.14	10.47
3334	25	8.59	8.33
3334	1044	8.62	8.34
3335	25	7.23	7.19
4011	124	16.78	15.65
4072	124	18.81	17.82
4183	124	17.58	16.59
4185	124	18.53	17.64
4189	124	18.42	16.5
4210	124	17.63	16.13
4242	124	19.58	18.42
4260	124	17.63	16.96
4307	124	19.045	17.225
4308	124	18.79	17.88
4311	124	17.96	16.26
4311	312	17.77	16.24
4330	124	18.46	18.18
4331	124	20.56	18.72
4334	124	17.8	17.08
5715	124	16.03	15.08
5728	124	17.625	16.105
5728	312	17.55	16.09
5928	124	14.8	13.77
5929	124	17.96	16.26
5929	312	17.72	16.16
6083	124	17.745	16.945
6381	124	16.88	15.34
7145	359	15.83	14.41
7490	359	15.94	14.51
7671	359	15.83	14.37
7709	359	16.1	14.61
7769	359	15.37	14.28
7775	359	15.74	14.32
8437	359	16.11	14.64
9003	124	17.47	15.83
9003	132	17.15	15.7
9003	312	17.35	15.75
9006	312	19.64	18.04
9010	132	16.88	15.39
9018	132	16.53	14.98
9023	132	18.81	17.02
9023	304	18.81	17.02
9023	312	18.77	17.09
9029	312	18.35	16.68
9035	132	15.7	14.24
9036	132	17.45	15.95
9040	312	17.97	16.37
9041	132	17.05	15.42
9041	312	17	15.43
9061	132	15.6	14.26
9069	312	17.79	16.15
9071	132	16.85	15.43
9078	132	16.77	15.3
9083	132	16.82	15.25
9086	132	17.06	15.47
9086	312	16.89	15.39
9087	132	16.01	14.57
9090	312	18.1	16.58
9092	132	17.74	16.26
9092	312	17.74	16.26
9095	132	16.27	14.84
9099	132	16.13	14.63
9102	312	18.72	17.17
9105	132	17.25	15.75
9105	312	17.18	15.73
9108	132	14.6	13.29
9115	132	16.93	15.44
9117	312	18.54	17.02
9119	312	18.95	17.67
9127	132	16.19	14.72
9139	312	18.12	16.55
9143	312	17.85	16.2
9150	132	17.13	15.62
9154	312	17.85	16.16
9156	132	17.6	16.01
9173	312	16.72	15.16
9174	312	19.21	17.6
9179	312	18.17	16.66
9180	312	17.91	16.35
9196	312	17.75	16.18
9197	132	16.76	15.27
9201	132	18.68	16.92
9207	312	18.24	16.61
9213	312	18.15	16.57
9214	132	19.51	17.54
9256	132	15.89	14.48
9267	312	17.84	16.19
9289	132	15.86	14.45
9303	312	17.64	16.14
9308	132	15.6	14.23
9320	312	18.2	17.07
9323	312	18.43	16.87
9325	132	19.35	17.81
9326	312	18.45	16.8
9337	132	15.93	14.54
9339	132	15.32	13.97
9346	312	18.36	16.79
9363	312	17.13	15.78
9369	132	18.5	16.83
9369	312	18.5	16.83
9396	312	18.53	16.99
9398	359	14.11	12.96
9400	312	16.97	15.42
9412	132	15.11	13.8
9414	312	16.95	16.17
9461	359	16.04	14.8
9477	132	18.99	17.93
9555	359	14.19	13.01
9571	359	14.37	13.04
