 3900.00   0.9610
 3901.00   0.9601
 3902.00   0.9565
 3903.00   0.9696
 3904.00   0.9767
 3905.00   0.9900
 3906.00   1.0000
 3907.00   1.0000
 3908.00   0.9962
 3909.00   0.9913
 3910.00   0.9886
 3911.00   0.9831
 3912.00   0.9755
 3913.00   0.9703
 3914.00   0.9641
 3915.00   0.9601
 3916.00   0.9508
 3917.00   0.9382
 3918.00   0.9249
 3919.00   0.9173
 3920.00   0.9130
 3921.00   0.9089
 3922.00   0.8977
 3923.00   0.8957
 3924.00   0.8954
 3925.00   0.9140
 3926.00   0.9280
 3927.00   0.9480
 3928.00   0.9544
 3929.00   0.9415
 3930.00   0.9261
 3931.00   0.9121
 3932.00   0.9049
 3933.00   0.9054
 3934.00   0.9149
 3935.00   0.9187
 3936.00   0.9259
 3937.00   0.9314
 3938.00   0.9373
 3939.00   0.9470
 3940.00   0.9525
 3941.00   0.9534
 3942.00   0.9509
 3943.00   0.9429
 3944.00   0.9422
 3945.00   0.9453
 3946.00   0.9525
 3947.00   0.9525
 3948.00   0.9468
 3949.00   0.9287
 3950.00   0.9249
 3951.00   0.9318
 3952.00   0.9306
 3953.00   0.9275
 3954.00   0.9228
 3955.00   0.9161
 3956.00   0.9097
 3957.00   0.9030
 3958.00   0.8960
 3959.00   0.8869
 3960.00   0.8888
 3961.00   0.8783
 3962.00   0.8574
 3963.00   0.8194
 3964.00   0.7909
 3965.00   0.7622
 3966.00   0.7129
 3967.00   0.6635
 3968.00   0.6312
 3969.00   0.6236
 3970.00   0.6654
 3971.00   0.7148
 3972.00   0.7505
 3973.00   0.7966
 3974.00   0.8289
 3975.00   0.8470
 3976.00   0.8574
 3977.00   0.8653
 3978.00   0.8740
 3979.00   0.8809
 3980.00   0.8859
 3981.00   0.8833
 3982.00   0.8733
 3983.00   0.8672
 3984.00   0.8712
 3985.00   0.8819
 3986.00   0.8876
 3987.00   0.8890
 3988.00   0.8888
 3989.00   0.8864
 3990.00   0.8855
 3991.00   0.8812
 3992.00   0.8812
 3993.00   0.8813
 3994.00   0.8802
 3995.00   0.8740
 3996.00   0.8693
 3997.00   0.8669
 3998.00   0.8702
 3999.00   0.8721
 4000.00   0.8736
 4001.00   0.8669
 4002.00   0.8517
 4003.00   0.8396
 4004.00   0.8453
 4005.00   0.8512
 4006.00   0.8523
 4007.00   0.8512
 4008.00   0.8485
 4009.00   0.8508
 4010.00   0.8579
 4011.00   0.8648
 4012.00   0.8645
 4013.00   0.8650
 4014.00   0.8632
 4015.00   0.8622
 4016.00   0.8650
 4017.00   0.8669
 4018.00   0.8574
 4019.00   0.8410
 4020.00   0.8220
 4021.00   0.8027
 4022.00   0.7795
 4023.00   0.7500
 4024.00   0.7338
 4025.00   0.7338
 4026.00   0.7476
 4027.00   0.7681
 4028.00   0.7883
 4029.00   0.8070
 4030.00   0.8213
 4031.00   0.8270
 4032.00   0.8327
 4033.00   0.8320
 4034.00   0.8327
 4035.00   0.8335
 4036.00   0.8332
 4037.00   0.8325
 4038.00   0.8334
 4039.00   0.8335
 4040.00   0.8317
 4041.00   0.8298
 4042.00   0.8321
 4043.00   0.8322
 4044.00   0.8301
 4045.00   0.8280
 4046.00   0.8265
 4047.00   0.8254
 4048.00   0.8289
 4049.00   0.8314
 4050.00   0.8422
 4051.00   0.8536
 4052.00   0.8460
 4053.00   0.8308
 4054.00   0.8213
 4055.00   0.8213
 4056.00   0.8211
 4057.00   0.8195
 4058.00   0.8100
 4059.00   0.8085
 4060.00   0.8070
 4061.00   0.8108
 4062.00   0.8004
 4063.00   0.7983
 4064.00   0.7928
 4065.00   0.7947
 4066.00   0.7909
 4067.00   0.7814
 4068.00   0.7752
 4069.00   0.7726
 4070.00   0.7689
 4071.00   0.7723
 4072.00   0.7754
 4073.00   0.7785
 4074.00   0.7804
 4075.00   0.7799
 4076.00   0.7837
 4077.00   0.7896
 4078.00   0.7966
 4079.00   0.7985
 4080.00   0.7954
 4081.00   0.7906
 4082.00   0.7856
 4083.00   0.7814
 4084.00   0.7783
 4085.00   0.7757
 4086.00   0.7700
 4087.00   0.7681
 4088.00   0.7595
 4089.00   0.7619
 4090.00   0.7614
 4091.00   0.7709
 4092.00   0.7681
 4093.00   0.7595
 4094.00   0.7357
 4095.00   0.7120
 4096.00   0.6825
 4097.00   0.6530
 4098.00   0.6241
 4099.00   0.5865
 4100.00   0.5817
 4101.00   0.5894
 4102.00   0.6084
 4103.00   0.6236
 4104.00   0.6568
 4105.00   0.6903
 4106.00   0.7148
 4107.00   0.7348
 4108.00   0.7400
 4109.00   0.7462
 4110.00   0.7552
 4111.00   0.7590
 4112.00   0.7622
 4113.00   0.7581
 4114.00   0.7611
 4115.00   0.7712
 4116.00   0.7729
 4117.00   0.7721
 4118.00   0.7657
 4119.00   0.7572
 4120.00   0.7659
 4121.00   0.7690
 4122.00   0.7738
 4123.00   0.7757
 4124.00   0.7771
 4125.00   0.7766
 4126.00   0.7736
 4127.00   0.7747
 4128.00   0.7747
 4129.00   0.7769
 4130.00   0.7750
 4131.00   0.7734
 4132.00   0.7695
 4133.00   0.7726
 4134.00   0.7671
 4135.00   0.7647
 4136.00   0.7571
 4137.00   0.7510
 4138.00   0.7519
 4139.00   0.7529
 4140.00   0.7532
 4141.00   0.7430
 4142.00   0.7370
 4143.00   0.7291
 4144.00   0.7291
 4145.00   0.7312
 4146.00   0.7365
 4147.00   0.7435
 4148.00   0.7452
 4149.00   0.7457
 4150.00   0.7381
 4151.00   0.7355
 4152.00   0.7362
 4153.00   0.7372
 4154.00   0.7385
 4155.00   0.7376
 4156.00   0.7386
 4157.00   0.7443
 4158.00   0.7452
 4159.00   0.7414
 4160.00   0.7372
 4161.00   0.7321
 4162.00   0.7324
 4163.00   0.7348
 4164.00   0.7367
 4165.00   0.7367
 4166.00   0.7338
 4167.00   0.7341
 4168.00   0.7358
 4169.00   0.7422
 4170.00   0.7393
 4171.00   0.7315
 4172.00   0.7255
 4173.00   0.7186
 4174.00   0.7231
 4175.00   0.7308
 4176.00   0.7456
 4177.00   0.7490
 4178.00   0.7338
 4179.00   0.7291
 4180.00   0.7272
 4181.00   0.7262
 4182.00   0.7355
 4183.00   0.7319
 4184.00   0.7300
 4185.00   0.7158
 4186.00   0.7101
 4187.00   0.7063
 4188.00   0.7006
 4189.00   0.6943
 4190.00   0.6915
 4191.00   0.6924
 4192.00   0.6952
 4193.00   0.6980
 4194.00   0.7006
 4195.00   0.6968
 4196.00   0.6957
 4197.00   0.6725
 4198.00   0.6644
 4199.00   0.6464
 4200.00   0.6426
 4201.00   0.6459
 4202.00   0.6597
 4203.00   0.6746
 4204.00   0.6806
 4205.00   0.6863
 4206.00   0.6870
 4207.00   0.6951
 4208.00   0.7010
 4209.00   0.7034
 4210.00   0.7084
 4211.00   0.7044
 4212.00   0.7082
 4213.00   0.7127
 4214.00   0.7132
 4215.00   0.7186
 4216.00   0.7139
 4217.00   0.7117
 4218.00   0.6901
 4219.00   0.6901
 4220.00   0.6949
 4221.00   0.6987
 4222.00   0.6968
 4223.00   0.6953
 4224.00   0.6913
 4225.00   0.6932
 4226.00   0.6934
 4227.00   0.6930
 4228.00   0.6946
 4229.00   0.7006
 4230.00   0.7034
 4231.00   0.6987
 4232.00   0.6949
 4233.00   0.6906
 4234.00   0.6901
 4235.00   0.6877
 4236.00   0.6920
 4237.00   0.6939
 4238.00   0.6957
 4239.00   0.6873
 4240.00   0.6849
 4241.00   0.6836
 4242.00   0.6827
 4243.00   0.6804
 4244.00   0.6804
 4245.00   0.6803
 4246.00   0.6816
 4247.00   0.6778
 4248.00   0.6654
 4249.00   0.6597
 4250.00   0.6611
 4251.00   0.6668
 4252.00   0.6779
 4253.00   0.6806
 4254.00   0.6830
 4255.00   0.6854
 4256.00   0.6835
 4257.00   0.6768
 4258.00   0.6702
 4259.00   0.6676
 4260.00   0.6669
 4261.00   0.6660
 4262.00   0.6635
 4263.00   0.6559
 4264.00   0.6511
 4265.00   0.6520
 4266.00   0.6565
 4267.00   0.6606
 4268.00   0.6597
 4269.00   0.6551
 4270.00   0.6520
 4271.00   0.6484
 4272.00   0.6478
 4273.00   0.6462
 4274.00   0.6549
 4275.00   0.6568
 4276.00   0.6545
 4277.00   0.6511
 4278.00   0.6497
 4279.00   0.6488
 4280.00   0.6505
 4281.00   0.6533
 4282.00   0.6549
 4283.00   0.6564
 4284.00   0.6592
 4285.00   0.6616
 4286.00   0.6680
 4287.00   0.6743
 4288.00   0.6678
 4289.00   0.6635
 4290.00   0.6625
 4291.00   0.6630
 4292.00   0.6647
 4293.00   0.6669
 4294.00   0.6722
 4295.00   0.6673
 4296.00   0.6675
 4297.00   0.6654
 4298.00   0.6644
 4299.00   0.6663
 4300.00   0.6663
 4301.00   0.6636
 4302.00   0.6593
 4303.00   0.6545
 4304.00   0.6502
 4305.00   0.6454
 4306.00   0.6407
 4307.00   0.6416
 4308.00   0.6428
 4309.00   0.6511
 4310.00   0.6535
 4311.00   0.6559
 4312.00   0.6559
 4313.00   0.6523
 4314.00   0.6478
 4315.00   0.6435
 4316.00   0.6402
 4317.00   0.6397
 4318.00   0.6402
 4319.00   0.6445
 4320.00   0.6526
 4321.00   0.6545
 4322.00   0.6468
 4323.00   0.6383
 4324.00   0.6378
 4325.00   0.6402
 4326.00   0.6404
 4327.00   0.6419
 4328.00   0.6388
 4329.00   0.6365
 4330.00   0.6198
 4331.00   0.6091
 4332.00   0.5979
 4333.00   0.5932
 4334.00   0.5856
 4335.00   0.5684
 4336.00   0.5512
 4337.00   0.5190
 4338.00   0.5057
 4339.00   0.4791
 4340.00   0.4867
 4341.00   0.4791
 4342.00   0.5057
 4343.00   0.5304
 4344.00   0.5651
 4345.00   0.5817
 4346.00   0.5822
 4347.00   0.5922
 4348.00   0.6015
 4349.00   0.6097
 4350.00   0.6167
 4351.00   0.6226
 4352.00   0.6238
 4353.00   0.6245
 4354.00   0.6219
 4355.00   0.6264
 4356.00   0.6271
 4357.00   0.6278
 4358.00   0.6295
 4359.00   0.6317
 4360.00   0.6341
 4361.00   0.6366
 4362.00   0.6435
 4363.00   0.6454
 4364.00   0.6365
 4365.00   0.6274
 4366.00   0.6255
 4367.00   0.6264
 4368.00   0.6293
 4369.00   0.6307
 4370.00   0.6321
 4371.00   0.6345
 4372.00   0.6345
 4373.00   0.6336
 4374.00   0.6286
 4375.00   0.6243
 4376.00   0.6224
 4377.00   0.6184
 4378.00   0.6147
 4379.00   0.6099
 4380.00   0.6080
 4381.00   0.6077
 4382.00   0.6081
 4383.00   0.6046
 4384.00   0.6008
 4385.00   0.5977
 4386.00   0.5984
 4387.00   0.5972
 4388.00   0.5947
 4389.00   0.5943
 4390.00   0.5941
 4391.00   0.6017
 4392.00   0.6114
 4393.00   0.6145
 4394.00   0.6155
 4395.00   0.6131
 4396.00   0.6107
 4397.00   0.6088
 4398.00   0.6055
 4399.00   0.6050
 4400.00   0.6088
 4401.00   0.6065
 4402.00   0.6074
 4403.00   0.6034
 4404.00   0.6015
 4405.00   0.5981
 4406.00   0.5963
 4407.00   0.5952
 4408.00   0.5941
 4409.00   0.5927
 4410.00   0.5921
 4411.00   0.5920
 4412.00   0.5903
 4413.00   0.5846
 4414.00   0.5808
 4415.00   0.5804
 4416.00   0.5865
 4417.00   0.5870
 4418.00   0.5856
 4419.00   0.5760
 4420.00   0.5769
 4421.00   0.5694
 4422.00   0.5689
 4423.00   0.5668
 4424.00   0.5651
 4425.00   0.5648
 4426.00   0.5636
 4427.00   0.5659
 4428.00   0.5632
 4429.00   0.5613
 4430.00   0.5551
 4431.00   0.5485
 4432.00   0.5542
 4433.00   0.5618
 4434.00   0.5719
 4435.00   0.5741
 4436.00   0.5751
 4437.00   0.5741
 4438.00   0.5751
 4439.00   0.5779
 4440.00   0.5770
 4441.00   0.5813
 4442.00   0.5783
 4443.00   0.5810
 4444.00   0.5808
 4445.00   0.5765
 4446.00   0.5699
 4447.00   0.5692
 4448.00   0.5753
 4449.00   0.5760
 4450.00   0.5788
 4451.00   0.5827
 4452.00   0.5852
 4453.00   0.5857
 4454.00   0.5851
 4455.00   0.5843
 4456.00   0.5817
 4457.00   0.5751
 4458.00   0.5760
 4459.00   0.5760
 4460.00   0.5856
 4461.00   0.5798
 4462.00   0.5816
 4463.00   0.5751
 4464.00   0.5744
 4465.00   0.5696
 4466.00   0.5673
 4467.00   0.5537
 4468.00   0.5392
 4469.00   0.5231
 4470.00   0.5228
 4471.00   0.5209
 4472.00   0.5238
 4473.00   0.5347
 4474.00   0.5394
 4475.00   0.5437
 4476.00   0.5539
 4477.00   0.5551
 4478.00   0.5582
 4479.00   0.5563
 4480.00   0.5555
 4481.00   0.5589
 4482.00   0.5569
 4483.00   0.5615
 4484.00   0.5599
 4485.00   0.5608
 4486.00   0.5551
 4487.00   0.5542
 4488.00   0.5523
 4489.00   0.5550
 4490.00   0.5565
 4491.00   0.5623
 4492.00   0.5646
 4493.00   0.5620
 4494.00   0.5654
 4495.00   0.5706
 4496.00   0.5694
 4497.00   0.5646
 4498.00   0.5532
 4499.00   0.5526
 4500.00   0.5582
