 3900.00   0.5944
 3901.00   0.5883
 3902.00   0.5842
 3903.00   0.5739
 3904.00   0.5769
 3905.00   0.5860
 3906.00   0.6012
 3907.00   0.6255
 3908.00   0.6559
 3909.00   0.6744
 3910.00   0.6855
 3911.00   0.6938
 3912.00   0.6999
 3913.00   0.6984
 3914.00   0.6931
 3915.00   0.6900
 3916.00   0.6765
 3917.00   0.6544
 3918.00   0.6274
 3919.00   0.6100
 3920.00   0.5857
 3921.00   0.5739
 3922.00   0.5618
 3923.00   0.5658
 3924.00   0.5466
 3925.00   0.5375
 3926.00   0.4881
 3927.00   0.4365
 3928.00   0.3697
 3929.00   0.3219
 3930.00   0.2748
 3931.00   0.2368
 3932.00   0.2034
 3933.00   0.1883
 3934.00   0.1943
 3935.00   0.2277
 3936.00   0.2702
 3937.00   0.3144
 3938.00   0.3557
 3939.00   0.4059
 3940.00   0.4464
 3941.00   0.4737
 3942.00   0.4889
 3943.00   0.5048
 3944.00   0.5350
 3945.00   0.5678
 3946.00   0.5967
 3947.00   0.6210
 3948.00   0.6392
 3949.00   0.6483
 3950.00   0.6551
 3951.00   0.6628
 3952.00   0.6627
 3953.00   0.6635
 3954.00   0.6513
 3955.00   0.6377
 3956.00   0.6286
 3957.00   0.6240
 3958.00   0.6150
 3959.00   0.5982
 3960.00   0.5572
 3961.00   0.5052
 3962.00   0.4581
 3963.00   0.4122
 3964.00   0.3724
 3965.00   0.3265
 3966.00   0.2854
 3967.00   0.2611
 3968.00   0.2429
 3969.00   0.2490
 3970.00   0.2885
 3971.00   0.3340
 3972.00   0.3779
 3973.00   0.4244
 3974.00   0.4726
 3975.00   0.5227
 3976.00   0.5739
 3977.00   0.6210
 3978.00   0.6559
 3979.00   0.6915
 3980.00   0.7014
 3981.00   0.7166
 3982.00   0.7170
 3983.00   0.7151
 3984.00   0.7147
 3985.00   0.7174
 3986.00   0.7274
 3987.00   0.7405
 3988.00   0.7534
 3989.00   0.7644
 3990.00   0.7732
 3991.00   0.7827
 3992.00   0.7885
 3993.00   0.7821
 3994.00   0.7764
 3995.00   0.7690
 3996.00   0.7698
 3997.00   0.7743
 3998.00   0.7887
 3999.00   0.7971
 4000.00   0.8026
 4001.00   0.8016
 4002.00   0.8016
 4003.00   0.7834
 4004.00   0.7591
 4005.00   0.7500
 4006.00   0.7561
 4007.00   0.7637
 4008.00   0.7811
 4009.00   0.8058
 4010.00   0.8256
 4011.00   0.8460
 4012.00   0.8400
 4013.00   0.8373
 4014.00   0.8363
 4015.00   0.8219
 4016.00   0.8134
 4017.00   0.8115
 4018.00   0.8161
 4019.00   0.8206
 4020.00   0.8274
 4021.00   0.8269
 4022.00   0.8320
 4023.00   0.8290
 4024.00   0.8350
 4025.00   0.8479
 4026.00   0.8555
 4027.00   0.8563
 4028.00   0.8521
 4029.00   0.8259
 4030.00   0.8016
 4031.00   0.7865
 4032.00   0.7834
 4033.00   0.7834
 4034.00   0.7956
 4035.00   0.8115
 4036.00   0.8335
 4037.00   0.8578
 4038.00   0.8715
 4039.00   0.8745
 4040.00   0.8624
 4041.00   0.8472
 4042.00   0.8222
 4043.00   0.7773
 4044.00   0.7439
 4045.00   0.7166
 4046.00   0.7409
 4047.00   0.7743
 4048.00   0.8199
 4049.00   0.8509
 4050.00   0.8684
 4051.00   0.8684
 4052.00   0.8639
 4053.00   0.8328
 4054.00   0.7994
 4055.00   0.7773
 4056.00   0.7761
 4057.00   0.7743
 4058.00   0.7940
 4059.00   0.8016
 4060.00   0.8016
 4061.00   0.7865
 4062.00   0.7743
 4063.00   0.7491
 4064.00   0.7713
 4065.00   0.7796
 4066.00   0.7880
 4067.00   0.7963
 4068.00   0.8047
 4069.00   0.8077
 4070.00   0.7889
 4071.00   0.7925
 4072.00   0.8032
 4073.00   0.8107
 4074.00   0.8062
 4075.00   0.8016
 4076.00   0.8016
 4077.00   0.7782
 4078.00   0.8047
 4079.00   0.8199
 4080.00   0.8563
 4081.00   0.8624
 4082.00   0.8593
 4083.00   0.8350
 4084.00   0.8295
 4085.00   0.8350
 4086.00   0.8624
 4087.00   0.8836
 4088.00   0.8867
 4089.00   0.8836
 4090.00   0.8851
 4091.00   0.8761
 4092.00   0.8608
 4093.00   0.8434
 4094.00   0.8274
 4095.00   0.8161
 4096.00   0.8001
 4097.00   0.7614
 4098.00   0.7603
 4099.00   0.6923
 4100.00   0.6802
 4101.00   0.6680
 4102.00   0.6802
 4103.00   0.6900
 4104.00   0.7386
 4105.00   0.7778
 4106.00   0.8107
 4107.00   0.8297
 4108.00   0.8312
 4109.00   0.8396
 4110.00   0.8350
 4111.00   0.8457
 4112.00   0.8628
 4113.00   0.8882
 4114.00   0.8867
 4115.00   0.8851
 4116.00   0.8791
 4117.00   0.8715
 4118.00   0.8715
 4119.00   0.8769
 4120.00   0.8859
 4121.00   0.8851
 4122.00   0.8776
 4123.00   0.8738
 4124.00   0.8726
 4125.00   0.8741
 4126.00   0.8722
 4127.00   0.8669
 4128.00   0.8563
 4129.00   0.8487
 4130.00   0.8366
 4131.00   0.8183
 4132.00   0.8138
 4133.00   0.8145
 4134.00   0.8350
 4135.00   0.8426
 4136.00   0.8635
 4137.00   0.8836
 4138.00   0.9102
 4139.00   0.9231
 4140.00   0.9197
 4141.00   0.8715
 4142.00   0.8472
 4143.00   0.8320
 4144.00   0.8381
 4145.00   0.8441
 4146.00   0.8654
 4147.00   0.8808
 4148.00   0.8753
 4149.00   0.8760
 4150.00   0.8715
 4151.00   0.8662
 4152.00   0.8495
 4153.00   0.8343
 4154.00   0.8141
 4155.00   0.8138
 4156.00   0.8168
 4157.00   0.8343
 4158.00   0.8460
 4159.00   0.8540
 4160.00   0.8656
 4161.00   0.8850
 4162.00   0.9053
 4163.00   0.9049
 4164.00   0.9049
 4165.00   0.8973
 4166.00   0.8912
 4167.00   0.8840
 4168.00   0.8906
 4169.00   0.9060
 4170.00   0.8863
 4171.00   0.8483
 4172.00   0.8214
 4173.00   0.7956
 4174.00   0.7925
 4175.00   0.7983
 4176.00   0.8100
 4177.00   0.8163
 4178.00   0.8212
 4179.00   0.8279
 4180.00   0.8267
 4181.00   0.8292
 4182.00   0.8107
 4183.00   0.8244
 4184.00   0.8153
 4185.00   0.8204
 4186.00   0.8028
 4187.00   0.7791
 4188.00   0.7792
 4189.00   0.8214
 4190.00   0.8388
 4191.00   0.8457
 4192.00   0.8502
 4193.00   0.8487
 4194.00   0.8548
 4195.00   0.8464
 4196.00   0.8184
 4197.00   0.7943
 4198.00   0.7834
 4199.00   0.7895
 4200.00   0.7971
 4201.00   0.8001
 4202.00   0.8047
 4203.00   0.8090
 4204.00   0.8312
 4205.00   0.8457
 4206.00   0.8522
 4207.00   0.8560
 4208.00   0.8552
 4209.00   0.8599
 4210.00   0.8692
 4211.00   0.8774
 4212.00   0.8760
 4213.00   0.8806
 4214.00   0.8669
 4215.00   0.8563
 4216.00   0.8411
 4217.00   0.8372
 4218.00   0.8487
 4219.00   0.8472
 4220.00   0.8441
 4221.00   0.8426
 4222.00   0.8502
 4223.00   0.8024
 4224.00   0.7423
 4225.00   0.6916
 4226.00   0.6802
 4227.00   0.7075
 4228.00   0.7531
 4229.00   0.7925
 4230.00   0.8320
 4231.00   0.8397
 4232.00   0.8441
 4233.00   0.8419
 4234.00   0.8123
 4235.00   0.7990
 4236.00   0.7773
 4237.00   0.7865
 4238.00   0.7991
 4239.00   0.8290
 4240.00   0.8335
 4241.00   0.8350
 4242.00   0.8366
 4243.00   0.8495
 4244.00   0.8479
 4245.00   0.8590
 4246.00   0.8335
 4247.00   0.8214
 4248.00   0.8016
 4249.00   0.7865
 4250.00   0.7743
 4251.00   0.7652
 4252.00   0.7966
 4253.00   0.7914
 4254.00   0.8062
 4255.00   0.8081
 4256.00   0.8164
 4257.00   0.8214
 4258.00   0.8077
 4259.00   0.7825
 4260.00   0.7470
 4261.00   0.7773
 4262.00   0.8259
 4263.00   0.8502
 4264.00   0.8472
 4265.00   0.8593
 4266.00   0.8419
 4267.00   0.8229
 4268.00   0.7971
 4269.00   0.7713
 4270.00   0.7348
 4271.00   0.7045
 4272.00   0.6923
 4273.00   0.7017
 4274.00   0.7197
 4275.00   0.7439
 4276.00   0.7773
 4277.00   0.7956
 4278.00   0.8047
 4279.00   0.7986
 4280.00   0.7889
 4281.00   0.7956
 4282.00   0.8016
 4283.00   0.7895
 4284.00   0.7758
 4285.00   0.7500
 4286.00   0.7333
 4287.00   0.7359
 4288.00   0.7197
 4289.00   0.7197
 4290.00   0.7242
 4291.00   0.7303
 4292.00   0.7303
 4293.00   0.7339
 4294.00   0.7329
 4295.00   0.7197
 4296.00   0.6893
 4297.00   0.6559
 4298.00   0.6164
 4299.00   0.5769
 4300.00   0.5739
 4301.00   0.5722
 4302.00   0.5724
 4303.00   0.5686
 4304.00   0.5724
 4305.00   0.5743
 4306.00   0.5682
 4307.00   0.5600
 4308.00   0.5509
 4309.00   0.5466
 4310.00   0.5526
 4311.00   0.5800
 4312.00   0.6255
 4313.00   0.6735
 4314.00   0.7305
 4315.00   0.7872
 4316.00   0.8259
 4317.00   0.8684
 4318.00   0.8927
 4319.00   0.8927
 4320.00   0.8988
 4321.00   0.8684
 4322.00   0.8197
 4323.00   0.7531
 4324.00   0.7348
 4325.00   0.7288
 4326.00   0.7288
 4327.00   0.7622
 4328.00   0.8107
 4329.00   0.8479
 4330.00   0.8533
 4331.00   0.8745
 4332.00   0.8715
 4333.00   0.8715
 4334.00   0.8669
 4335.00   0.8441
 4336.00   0.8359
 4337.00   0.7849
 4338.00   0.7485
 4339.00   0.6802
 4340.00   0.6346
 4341.00   0.6316
 4342.00   0.6756
 4343.00   0.7346
 4344.00   0.7773
 4345.00   0.8168
 4346.00   0.8457
 4347.00   0.8608
 4348.00   0.8745
 4349.00   0.8745
 4350.00   0.8679
 4351.00   0.8381
 4352.00   0.8259
 4353.00   0.8145
 4354.00   0.8362
 4355.00   0.8552
 4356.00   0.8679
 4357.00   0.8748
 4358.00   0.8855
 4359.00   0.8943
 4360.00   0.8980
 4361.00   0.9079
 4362.00   0.9170
 4363.00   0.9282
 4364.00   0.9402
 4365.00   0.9444
 4366.00   0.9383
 4367.00   0.9155
 4368.00   0.9079
 4369.00   0.9049
 4370.00   0.9003
 4371.00   0.8949
 4372.00   0.8851
 4373.00   0.8722
 4374.00   0.8502
 4375.00   0.8441
 4376.00   0.8434
 4377.00   0.8624
 4378.00   0.8799
 4379.00   0.8927
 4380.00   0.8745
 4381.00   0.8183
 4382.00   0.7773
 4383.00   0.7212
 4384.00   0.7045
 4385.00   0.7244
 4386.00   0.7743
 4387.00   0.7865
 4388.00   0.8168
 4389.00   0.8381
 4390.00   0.8578
 4391.00   0.8646
 4392.00   0.8701
 4393.00   0.8726
 4394.00   0.8825
 4395.00   0.8836
 4396.00   0.9079
 4397.00   0.9322
 4398.00   0.9368
 4399.00   0.8970
 4400.00   0.8753
 4401.00   0.8612
 4402.00   0.8506
 4403.00   0.8385
 4404.00   0.8229
 4405.00   0.8168
 4406.00   0.8350
 4407.00   0.8487
 4408.00   0.8730
 4409.00   0.9018
 4410.00   0.9231
 4411.00   0.9383
 4412.00   0.9261
 4413.00   0.9252
 4414.00   0.8867
 4415.00   0.8988
 4416.00   0.9094
 4417.00   0.9277
 4418.00   0.9519
 4419.00   0.9626
 4420.00   0.9808
 4421.00   0.9656
 4422.00   0.9504
 4423.00   0.9352
 4424.00   0.9231
 4425.00   0.9337
 4426.00   0.9390
 4427.00   0.9474
 4428.00   0.9535
 4429.00   0.9580
 4430.00   0.9489
 4431.00   0.9421
 4432.00   0.9317
 4433.00   0.9217
 4434.00   0.9085
 4435.00   0.8973
 4436.00   0.8973
 4437.00   0.9163
 4438.00   0.9330
 4439.00   0.9474
 4440.00   0.9493
 4441.00   0.9291
 4442.00   0.9256
 4443.00   0.9208
 4444.00   0.9235
 4445.00   0.9321
 4446.00   0.9402
 4447.00   0.9489
 4448.00   0.9521
 4449.00   0.9413
 4450.00   0.9428
 4451.00   0.9444
 4452.00   0.9352
 4453.00   0.9094
 4454.00   0.8897
 4455.00   0.8534
 4456.00   0.8646
 4457.00   0.8608
 4458.00   0.8676
 4459.00   0.8738
 4460.00   0.8825
 4461.00   0.8927
 4462.00   0.9026
 4463.00   0.9181
 4464.00   0.9212
 4465.00   0.9197
 4466.00   0.9246
 4467.00   0.9337
 4468.00   0.9413
 4469.00   0.9457
 4470.00   0.9527
 4471.00   0.9614
 4472.00   0.9709
 4473.00   0.9816
 4474.00   0.9929
 4475.00   0.9990
 4476.00   1.0000
 4477.00   0.9793
 4478.00   0.9717
 4479.00   0.9595
 4480.00   0.9413
 4481.00   0.9277
 4482.00   0.9284
 4483.00   0.9265
 4484.00   0.9352
 4485.00   0.9436
 4486.00   0.9535
 4487.00   0.9717
 4488.00   0.9535
 4489.00   0.9322
 4490.00   0.9329
 4491.00   0.9535
 4492.00   0.9565
 4493.00   0.9292
 4494.00   0.9322
 4495.00   0.9436
 4496.00   0.9481
 4497.00   0.9564
 4498.00   0.9527
 4499.00   0.9573
 4500.00   0.9535
